<?xml version="1.0" encoding="UTF-8"?>
<!DOCTYPE X3D PUBLIC "ISO//Web3D//DTD X3D 3.0//EN"   "http://www.web3d.org/specifications/x3d-3.0.dtd">
<X3D profile="Immersive">
  <head>
    <meta name="description" content="*enter description here, short-sentence summaries preferred*"/>
    <meta name="created"    content="30 June 2022"/>
    <meta name="revised"    content="30 June 2022"/>
    <meta name="generator" content="Maple, http://www.maplesoft.com/"/>
  </head>
  <Scene>
  <NavigationInfo headlight="false" type='"EXAMINE" "WALK" "ANY" ' />
  <Background skyColor="1.0 1.0 1.0" />
  <Transform rotation="0.0 0.0 1.0 1.3962634" >
    <Transform rotation="0.0 1.0 0.0 1.2217305" >
      <Transform rotation="1.0 0.0 0.0 1.0471976" >
        <Transform rotation="0.0 0.0 1.0 1.5707964" >
          <Viewpoint position="0.0 0.0 700" fieldOfView="0.034987357" />
        </Transform>
      </Transform>
    </Transform>
  </Transform>
  <Transform scale="1.6666666 1.6666666 1.6666666" translation="0.0 0.0 0.0" >
    <Transform scale="1.0 1.0 1.0" translation="-0.0 -0.0 -0.0" >
      <Shape >
        <Appearance >
          <Material ambientIntensity="0.2" diffuseColor="0.0 0.0 0.0" emissiveColor="0.0 0.54509807 0.54509807" shininess="0.0" specularColor="0.0 0.0 0.0" transparency="0.796875" />
          <LineProperties linetype="1" />
        </Appearance>
        <IndexedTriangleStripSet solid="false" index="0 13 1 14 2 15 3 16 4 17 5 18 6 19 7 20 8 21 9 22 10 23 11 24 12 25 -1 13 26 14 27 15 28 16 29 17 30 18 31 19
32 20 33 21 34 22 35 23 36 24 37 25 38 -1 26 39 27 40 28 41 29 42 30 43 31 44 32 45 33 46 34 47 35 48 36 49 37 50 38 51
-1 39 52 40 53 41 54 42 55 43 56 44 57 45 58 46 59 47 60 48 61 49 62 50 63 51 64 -1 52 65 53 66 54 67 55 68 56 69 57 70
58 71 59 72 60 73 61 74 62 75 63 76 64 77 -1 65 78 66 79 67 80 68 81 69 82 70 83 71 84 72 85 73 86 74 87 75 88 76 89 77
90 -1 " >
          <Coordinate point="0.0 0.0 0.0, 0.0 0.0 0.0, 0.0 0.0 0.0, 0.0 0.0 0.0, 0.0 0.0 0.0, 0.0 0.0 0.0, 0.0 0.0 0.0, 0.0 0.0 -0.0, 0.0 0.0 -0.0, 0.0 0.0 -0.0, 0.0 0.0 -0.0, 0.0 0.0 -0.0, 0.0 0.0 -0.0, 0.0 0.0 1.0, 0.22414386 0.12940952 0.9659258,
0.4330127 0.25 0.8660254, 0.61237246 0.35355338 0.70710677, 0.75 0.4330127 0.5, 0.8365163 0.4829629 0.25881904, 0.8660254 0.5 6.123234E-17, 0.8365163 0.4829629 -0.25881904, 0.75 0.4330127 -0.5, 0.61237246 0.35355338 -0.70710677, 0.4330127 0.25 -0.8660254, 0.22414386 0.12940952 -0.9659258, 1.06057525E-16 6.123234E-17 -1.0, 0.0 0.0 2.0, 0.44828773 0.25881904 1.9318516, 0.8660254 0.5 1.7320508, 1.2247449 0.70710677 1.4142135,
1.5 0.8660254 1.0, 1.6730326 0.9659258 0.5176381, 1.7320508 1.0 1.2246469E-16, 1.6730326 0.9659258 -0.5176381, 1.5 0.8660254 -1.0, 1.2247449 0.70710677 -1.4142135, 0.8660254 0.5 -1.7320508, 0.44828773 0.25881904 -1.9318516, 2.1211505E-16 1.2246469E-16 -2.0, 0.0 0.0 3.0, 0.6724316 0.38822857 2.8977776, 1.299038 0.75 2.598076, 1.8371173 1.0606601 2.1213202, 2.25 1.299038 1.5, 2.509549 1.4488888 0.77645713,
2.598076 1.5 1.8369701E-16, 2.509549 1.4488888 -0.77645713, 2.25 1.299038 -1.5, 1.8371173 1.0606601 -2.1213202, 1.299038 0.75 -2.598076, 0.6724316 0.38822857 -2.8977776, 3.1817257E-16 1.8369701E-16 -3.0, 0.0 0.0 4.0, 0.89657545 0.5176381 3.8637033, 1.7320508 1.0 3.4641016, 2.4494898 1.4142135 2.828427, 3.0 1.7320508 2.0, 3.3460653 1.9318516 1.0352762, 3.4641016 2.0 2.4492937E-16, 3.3460653 1.9318516 -1.0352762,
3.0 1.7320508 -2.0, 2.4494898 1.4142135 -2.828427, 1.7320508 1.0 -3.4641016, 0.89657545 0.5176381 -3.8637033, 4.242301E-16 2.4492937E-16 -4.0, 0.0 0.0 5.0, 1.1207193 0.64704764 4.829629, 2.1650636 1.25 4.3301272, 3.0618622 1.767767 3.535534, 3.75 2.1650636 2.5, 4.1825814 2.4148145 1.2940953, 4.3301272 2.5 3.061617E-16, 4.1825814 2.4148145 -1.2940953, 3.75 2.1650636 -2.5, 3.0618622 1.767767 -3.535534,
2.1650636 1.25 -4.3301272, 1.1207193 0.64704764 -4.829629, 5.302876E-16 3.061617E-16 -5.0, 0.0 0.0 6.0, 1.3448632 0.77645713 5.795555, 2.598076 1.5 5.196152, 3.6742346 2.1213202 4.2426405, 4.5 2.598076 3.0, 5.019098 2.8977776 1.5529143, 5.196152 3.0 3.6739403E-16, 5.019098 2.8977776 -1.5529143, 4.5 2.598076 -3.0, 3.6742346 2.1213202 -4.2426405, 2.598076 1.5 -5.196152, 1.3448632 0.77645713 -5.795555,
6.3634515E-16 3.6739403E-16 -6.0" />
        </IndexedTriangleStripSet>
      </Shape>
      <Shape >
        <Appearance >
          <Material ambientIntensity="0.2" diffuseColor="0.0 0.0 0.0" emissiveColor="0.0 0.54509807 0.54509807" shininess="0.0" specularColor="0.0 0.0 0.0" transparency="0.796875" />
          <LineProperties linetype="1" />
        </Appearance>
        <IndexedTriangleStripSet solid="false" index="0 13 1 14 2 15 3 16 4 17 5 18 6 19 7 20 8 21 9 22 10 23 11 24 12 25 -1 13 26 14 27 15 28 16 29 17 30 18 31 19
32 20 33 21 34 22 35 23 36 24 37 25 38 -1 26 39 27 40 28 41 29 42 30 43 31 44 32 45 33 46 34 47 35 48 36 49 37 50 38 51
-1 39 52 40 53 41 54 42 55 43 56 44 57 45 58 46 59 47 60 48 61 49 62 50 63 51 64 -1 52 65 53 66 54 67 55 68 56 69 57 70
58 71 59 72 60 73 61 74 62 75 63 76 64 77 -1 65 78 66 79 67 80 68 81 69 82 70 83 71 84 72 85 73 86 74 87 75 88 76 89 77
90 -1 " >
          <Coordinate point="0.0 0.0 0.0, 0.0 0.0 0.0, 0.0 0.0 0.0, 0.0 0.0 0.0, 0.0 0.0 0.0, 0.0 0.0 0.0, 0.0 0.0 0.0, 0.0 0.0 -0.0, 0.0 0.0 -0.0, 0.0 0.0 -0.0, 0.0 0.0 -0.0, 0.0 0.0 -0.0, 0.0 0.0 -0.0, 0.0 0.0 1.0, 0.12940952 0.22414386 0.9659258,
0.25 0.4330127 0.8660254, 0.35355338 0.61237246 0.70710677, 0.4330127 0.75 0.5, 0.4829629 0.8365163 0.25881904, 0.5 0.8660254 6.123234E-17, 0.4829629 0.8365163 -0.25881904, 0.4330127 0.75 -0.5, 0.35355338 0.61237246 -0.70710677, 0.25 0.4330127 -0.8660254, 0.12940952 0.22414386 -0.9659258, 6.123234E-17 1.06057525E-16 -1.0, 0.0 0.0 2.0, 0.25881904 0.44828773 1.9318516, 0.5 0.8660254 1.7320508, 0.70710677 1.2247449 1.4142135,
0.8660254 1.5 1.0, 0.9659258 1.6730326 0.5176381, 1.0 1.7320508 1.2246469E-16, 0.9659258 1.6730326 -0.5176381, 0.8660254 1.5 -1.0, 0.70710677 1.2247449 -1.4142135, 0.5 0.8660254 -1.7320508, 0.25881904 0.44828773 -1.9318516, 1.2246469E-16 2.1211505E-16 -2.0, 0.0 0.0 3.0, 0.38822857 0.6724316 2.8977776, 0.75 1.299038 2.598076, 1.0606601 1.8371173 2.1213202, 1.299038 2.25 1.5, 1.4488888 2.509549 0.77645713,
1.5 2.598076 1.8369701E-16, 1.4488888 2.509549 -0.77645713, 1.299038 2.25 -1.5, 1.0606601 1.8371173 -2.1213202, 0.75 1.299038 -2.598076, 0.38822857 0.6724316 -2.8977776, 1.8369701E-16 3.1817257E-16 -3.0, 0.0 0.0 4.0, 0.5176381 0.89657545 3.8637033, 1.0 1.7320508 3.4641016, 1.4142135 2.4494898 2.828427, 1.7320508 3.0 2.0, 1.9318516 3.3460653 1.0352762, 2.0 3.4641016 2.4492937E-16, 1.9318516 3.3460653 -1.0352762,
1.7320508 3.0 -2.0, 1.4142135 2.4494898 -2.828427, 1.0 1.7320508 -3.4641016, 0.5176381 0.89657545 -3.8637033, 2.4492937E-16 4.242301E-16 -4.0, 0.0 0.0 5.0, 0.64704764 1.1207193 4.829629, 1.25 2.1650636 4.3301272, 1.767767 3.0618622 3.535534, 2.1650636 3.75 2.5, 2.4148145 4.1825814 1.2940953, 2.5 4.3301272 3.061617E-16, 2.4148145 4.1825814 -1.2940953, 2.1650636 3.75 -2.5, 1.767767 3.0618622 -3.535534,
1.25 2.1650636 -4.3301272, 0.64704764 1.1207193 -4.829629, 3.061617E-16 5.302876E-16 -5.0, 0.0 0.0 6.0, 0.77645713 1.3448632 5.795555, 1.5 2.598076 5.196152, 2.1213202 3.6742346 4.2426405, 2.598076 4.5 3.0, 2.8977776 5.019098 1.5529143, 3.0 5.196152 3.6739403E-16, 2.8977776 5.019098 -1.5529143, 2.598076 4.5 -3.0, 2.1213202 3.6742346 -4.2426405, 1.5 2.598076 -5.196152, 0.77645713 1.3448632 -5.795555,
3.6739403E-16 6.3634515E-16 -6.0" />
        </IndexedTriangleStripSet>
      </Shape>
      <Shape >
        <Appearance >
          <Material ambientIntensity="0.2" diffuseColor="0.0 0.0 0.0" emissiveColor="0.0 0.54509807 0.54509807" shininess="0.0" specularColor="0.0 0.0 0.0" transparency="0.796875" />
          <LineProperties linetype="1" />
        </Appearance>
        <IndexedTriangleStripSet solid="false" index="0 13 1 14 2 15 3 16 4 17 5 18 6 19 7 20 8 21 9 22 10 23 11 24 12 25 -1 13 26 14 27 15 28 16 29 17 30 18 31 19
32 20 33 21 34 22 35 23 36 24 37 25 38 -1 26 39 27 40 28 41 29 42 30 43 31 44 32 45 33 46 34 47 35 48 36 49 37 50 38 51
-1 39 52 40 53 41 54 42 55 43 56 44 57 45 58 46 59 47 60 48 61 49 62 50 63 51 64 -1 52 65 53 66 54 67 55 68 56 69 57 70
58 71 59 72 60 73 61 74 62 75 63 76 64 77 -1 65 78 66 79 67 80 68 81 69 82 70 83 71 84 72 85 73 86 74 87 75 88 76 89 77
90 -1 " >
          <Coordinate point="0.0 0.0 0.0, 0.0 0.0 0.0, 0.0 0.0 0.0, 0.0 0.0 0.0, 0.0 0.0 0.0, 0.0 0.0 0.0, 0.0 0.0 0.0, 0.0 0.0 -0.0, 0.0 0.0 -0.0, 0.0 0.0 -0.0, 0.0 0.0 -0.0, 0.0 0.0 -0.0, 0.0 0.0 -0.0, 0.0 0.0 1.0, 0.0 0.25881904 0.9659258,
0.0 0.5 0.8660254, 0.0 0.70710677 0.70710677, 0.0 0.8660254 0.5, 0.0 0.9659258 0.25881904, 0.0 1.0 6.123234E-17, 0.0 0.9659258 -0.25881904, 0.0 0.8660254 -0.5, 0.0 0.70710677 -0.70710677, 0.0 0.5 -0.8660254, 0.0 0.25881904 -0.9659258, 0.0 1.2246469E-16 -1.0, 0.0 0.0 2.0, 0.0 0.5176381 1.9318516, 0.0 1.0 1.7320508, 0.0 1.4142135 1.4142135,
0.0 1.7320508 1.0, 0.0 1.9318516 0.5176381, 0.0 2.0 1.2246469E-16, 0.0 1.9318516 -0.5176381, 0.0 1.7320508 -1.0, 0.0 1.4142135 -1.4142135, 0.0 1.0 -1.7320508, 0.0 0.5176381 -1.9318516, 0.0 2.4492937E-16 -2.0, 0.0 0.0 3.0, 0.0 0.77645713 2.8977776, 0.0 1.5 2.598076, 0.0 2.1213202 2.1213202, 0.0 2.598076 1.5, 0.0 2.8977776 0.77645713,
0.0 3.0 1.8369701E-16, 0.0 2.8977776 -0.77645713, 0.0 2.598076 -1.5, 0.0 2.1213202 -2.1213202, 0.0 1.5 -2.598076, 0.0 0.77645713 -2.8977776, 0.0 3.6739403E-16 -3.0, 0.0 0.0 4.0, 0.0 1.0352762 3.8637033, 0.0 2.0 3.4641016, 0.0 2.828427 2.828427, 0.0 3.4641016 2.0, 0.0 3.8637033 1.0352762, 0.0 4.0 2.4492937E-16, 0.0 3.8637033 -1.0352762,
0.0 3.4641016 -2.0, 0.0 2.828427 -2.828427, 0.0 2.0 -3.4641016, 0.0 1.0352762 -3.8637033, 0.0 4.8985874E-16 -4.0, 0.0 0.0 5.0, 0.0 1.2940953 4.829629, 0.0 2.5 4.3301272, 0.0 3.535534 3.535534, 0.0 4.3301272 2.5, 0.0 4.829629 1.2940953, 0.0 5.0 3.061617E-16, 0.0 4.829629 -1.2940953, 0.0 4.3301272 -2.5, 0.0 3.535534 -3.535534,
0.0 2.5 -4.3301272, 0.0 1.2940953 -4.829629, 0.0 6.123234E-16 -5.0, 0.0 0.0 6.0, 0.0 1.5529143 5.795555, 0.0 3.0 5.196152, 0.0 4.2426405 4.2426405, 0.0 5.196152 3.0, 0.0 5.795555 1.5529143, 0.0 6.0 3.6739403E-16, 0.0 5.795555 -1.5529143, 0.0 5.196152 -3.0, 0.0 4.2426405 -4.2426405, 0.0 3.0 -5.196152, 0.0 1.5529143 -5.795555,
0.0 7.3478806E-16 -6.0" />
        </IndexedTriangleStripSet>
      </Shape>
      <Shape >
        <Appearance >
          <Material ambientIntensity="0.2" diffuseColor="0.0 0.0 0.0" emissiveColor="0.0 0.54509807 0.54509807" shininess="0.0" specularColor="0.0 0.0 0.0" transparency="0.796875" />
          <LineProperties linetype="1" />
        </Appearance>
        <IndexedTriangleStripSet solid="false" index="0 13 1 14 2 15 3 16 4 17 5 18 6 19 7 20 8 21 9 22 10 23 11 24 12 25 -1 13 26 14 27 15 28 16 29 17 30 18 31 19
32 20 33 21 34 22 35 23 36 24 37 25 38 -1 26 39 27 40 28 41 29 42 30 43 31 44 32 45 33 46 34 47 35 48 36 49 37 50 38 51
-1 39 52 40 53 41 54 42 55 43 56 44 57 45 58 46 59 47 60 48 61 49 62 50 63 51 64 -1 52 65 53 66 54 67 55 68 56 69 57 70
58 71 59 72 60 73 61 74 62 75 63 76 64 77 -1 65 78 66 79 67 80 68 81 69 82 70 83 71 84 72 85 73 86 74 87 75 88 76 89 77
90 -1 " >
          <Coordinate point="-0.0 0.0 0.0, -0.0 0.0 0.0, -0.0 0.0 0.0, -0.0 0.0 0.0, -0.0 0.0 0.0, -0.0 0.0 0.0, -0.0 0.0 0.0, -0.0 0.0 -0.0, -0.0 0.0 -0.0, -0.0 0.0 -0.0, -0.0 0.0 -0.0, -0.0 0.0 -0.0, -0.0 0.0 -0.0, -0.0 0.0 1.0, -0.12940952 0.22414386 0.9659258,
-0.25 0.4330127 0.8660254, -0.35355338 0.61237246 0.70710677, -0.4330127 0.75 0.5, -0.4829629 0.8365163 0.25881904, -0.5 0.8660254 6.123234E-17, -0.4829629 0.8365163 -0.25881904, -0.4330127 0.75 -0.5, -0.35355338 0.61237246 -0.70710677, -0.25 0.4330127 -0.8660254, -0.12940952 0.22414386 -0.9659258, -6.123234E-17 1.06057525E-16 -1.0, -0.0 0.0 2.0, -0.25881904 0.44828773 1.9318516, -0.5 0.8660254 1.7320508, -0.70710677 1.2247449 1.4142135,
-0.8660254 1.5 1.0, -0.9659258 1.6730326 0.5176381, -1.0 1.7320508 1.2246469E-16, -0.9659258 1.6730326 -0.5176381, -0.8660254 1.5 -1.0, -0.70710677 1.2247449 -1.4142135, -0.5 0.8660254 -1.7320508, -0.25881904 0.44828773 -1.9318516, -1.2246469E-16 2.1211505E-16 -2.0, -0.0 0.0 3.0, -0.38822857 0.6724316 2.8977776, -0.75 1.299038 2.598076, -1.0606601 1.8371173 2.1213202, -1.299038 2.25 1.5, -1.4488888 2.509549 0.77645713,
-1.5 2.598076 1.8369701E-16, -1.4488888 2.509549 -0.77645713, -1.299038 2.25 -1.5, -1.0606601 1.8371173 -2.1213202, -0.75 1.299038 -2.598076, -0.38822857 0.6724316 -2.8977776, -1.8369701E-16 3.1817257E-16 -3.0, -0.0 0.0 4.0, -0.5176381 0.89657545 3.8637033, -1.0 1.7320508 3.4641016, -1.4142135 2.4494898 2.828427, -1.7320508 3.0 2.0, -1.9318516 3.3460653 1.0352762, -2.0 3.4641016 2.4492937E-16, -1.9318516 3.3460653 -1.0352762,
-1.7320508 3.0 -2.0, -1.4142135 2.4494898 -2.828427, -1.0 1.7320508 -3.4641016, -0.5176381 0.89657545 -3.8637033, -2.4492937E-16 4.242301E-16 -4.0, -0.0 0.0 5.0, -0.64704764 1.1207193 4.829629, -1.25 2.1650636 4.3301272, -1.767767 3.0618622 3.535534, -2.1650636 3.75 2.5, -2.4148145 4.1825814 1.2940953, -2.5 4.3301272 3.061617E-16, -2.4148145 4.1825814 -1.2940953, -2.1650636 3.75 -2.5, -1.767767 3.0618622 -3.535534,
-1.25 2.1650636 -4.3301272, -0.64704764 1.1207193 -4.829629, -3.061617E-16 5.302876E-16 -5.0, -0.0 0.0 6.0, -0.77645713 1.3448632 5.795555, -1.5 2.598076 5.196152, -2.1213202 3.6742346 4.2426405, -2.598076 4.5 3.0, -2.8977776 5.019098 1.5529143, -3.0 5.196152 3.6739403E-16, -2.8977776 5.019098 -1.5529143, -2.598076 4.5 -3.0, -2.1213202 3.6742346 -4.2426405, -1.5 2.598076 -5.196152, -0.77645713 1.3448632 -5.795555,
-3.6739403E-16 6.3634515E-16 -6.0" />
        </IndexedTriangleStripSet>
      </Shape>
      <Shape >
        <Appearance >
          <Material ambientIntensity="0.2" diffuseColor="0.0 0.0 0.0" emissiveColor="0.0 0.54509807 0.54509807" shininess="0.0" specularColor="0.0 0.0 0.0" transparency="0.796875" />
          <LineProperties linetype="1" />
        </Appearance>
        <IndexedTriangleStripSet solid="false" index="0 13 1 14 2 15 3 16 4 17 5 18 6 19 7 20 8 21 9 22 10 23 11 24 12 25 -1 13 26 14 27 15 28 16 29 17 30 18 31 19
32 20 33 21 34 22 35 23 36 24 37 25 38 -1 26 39 27 40 28 41 29 42 30 43 31 44 32 45 33 46 34 47 35 48 36 49 37 50 38 51
-1 39 52 40 53 41 54 42 55 43 56 44 57 45 58 46 59 47 60 48 61 49 62 50 63 51 64 -1 52 65 53 66 54 67 55 68 56 69 57 70
58 71 59 72 60 73 61 74 62 75 63 76 64 77 -1 65 78 66 79 67 80 68 81 69 82 70 83 71 84 72 85 73 86 74 87 75 88 76 89 77
90 -1 " >
          <Coordinate point="-0.0 0.0 0.0, -0.0 0.0 0.0, -0.0 0.0 0.0, -0.0 0.0 0.0, -0.0 0.0 0.0, -0.0 0.0 0.0, -0.0 0.0 0.0, -0.0 0.0 -0.0, -0.0 0.0 -0.0, -0.0 0.0 -0.0, -0.0 0.0 -0.0, -0.0 0.0 -0.0, -0.0 0.0 -0.0, -0.0 0.0 1.0, -0.22414386 0.12940952 0.9659258,
-0.4330127 0.25 0.8660254, -0.61237246 0.35355338 0.70710677, -0.75 0.4330127 0.5, -0.8365163 0.4829629 0.25881904, -0.8660254 0.5 6.123234E-17, -0.8365163 0.4829629 -0.25881904, -0.75 0.4330127 -0.5, -0.61237246 0.35355338 -0.70710677, -0.4330127 0.25 -0.8660254, -0.22414386 0.12940952 -0.9659258, -1.06057525E-16 6.123234E-17 -1.0, -0.0 0.0 2.0, -0.44828773 0.25881904 1.9318516, -0.8660254 0.5 1.7320508, -1.2247449 0.70710677 1.4142135,
-1.5 0.8660254 1.0, -1.6730326 0.9659258 0.5176381, -1.7320508 1.0 1.2246469E-16, -1.6730326 0.9659258 -0.5176381, -1.5 0.8660254 -1.0, -1.2247449 0.70710677 -1.4142135, -0.8660254 0.5 -1.7320508, -0.44828773 0.25881904 -1.9318516, -2.1211505E-16 1.2246469E-16 -2.0, -0.0 0.0 3.0, -0.6724316 0.38822857 2.8977776, -1.299038 0.75 2.598076, -1.8371173 1.0606601 2.1213202, -2.25 1.299038 1.5, -2.509549 1.4488888 0.77645713,
-2.598076 1.5 1.8369701E-16, -2.509549 1.4488888 -0.77645713, -2.25 1.299038 -1.5, -1.8371173 1.0606601 -2.1213202, -1.299038 0.75 -2.598076, -0.6724316 0.38822857 -2.8977776, -3.1817257E-16 1.8369701E-16 -3.0, -0.0 0.0 4.0, -0.89657545 0.5176381 3.8637033, -1.7320508 1.0 3.4641016, -2.4494898 1.4142135 2.828427, -3.0 1.7320508 2.0, -3.3460653 1.9318516 1.0352762, -3.4641016 2.0 2.4492937E-16, -3.3460653 1.9318516 -1.0352762,
-3.0 1.7320508 -2.0, -2.4494898 1.4142135 -2.828427, -1.7320508 1.0 -3.4641016, -0.89657545 0.5176381 -3.8637033, -4.242301E-16 2.4492937E-16 -4.0, -0.0 0.0 5.0, -1.1207193 0.64704764 4.829629, -2.1650636 1.25 4.3301272, -3.0618622 1.767767 3.535534, -3.75 2.1650636 2.5, -4.1825814 2.4148145 1.2940953, -4.3301272 2.5 3.061617E-16, -4.1825814 2.4148145 -1.2940953, -3.75 2.1650636 -2.5, -3.0618622 1.767767 -3.535534,
-2.1650636 1.25 -4.3301272, -1.1207193 0.64704764 -4.829629, -5.302876E-16 3.061617E-16 -5.0, -0.0 0.0 6.0, -1.3448632 0.77645713 5.795555, -2.598076 1.5 5.196152, -3.6742346 2.1213202 4.2426405, -4.5 2.598076 3.0, -5.019098 2.8977776 1.5529143, -5.196152 3.0 3.6739403E-16, -5.019098 2.8977776 -1.5529143, -4.5 2.598076 -3.0, -3.6742346 2.1213202 -4.2426405, -2.598076 1.5 -5.196152, -1.3448632 0.77645713 -5.795555,
-6.3634515E-16 3.6739403E-16 -6.0" />
        </IndexedTriangleStripSet>
      </Shape>
      <Shape >
        <Appearance >
          <Material ambientIntensity="0.2" diffuseColor="0.0 0.0 0.0" emissiveColor="0.0 0.54509807 0.54509807" shininess="0.0" specularColor="0.0 0.0 0.0" transparency="0.796875" />
          <LineProperties linetype="1" />
        </Appearance>
        <IndexedTriangleStripSet solid="false" index="0 13 1 14 2 15 3 16 4 17 5 18 6 19 7 20 8 21 9 22 10 23 11 24 12 25 -1 13 26 14 27 15 28 16 29 17 30 18 31 19
32 20 33 21 34 22 35 23 36 24 37 25 38 -1 26 39 27 40 28 41 29 42 30 43 31 44 32 45 33 46 34 47 35 48 36 49 37 50 38 51
-1 39 52 40 53 41 54 42 55 43 56 44 57 45 58 46 59 47 60 48 61 49 62 50 63 51 64 -1 52 65 53 66 54 67 55 68 56 69 57 70
58 71 59 72 60 73 61 74 62 75 63 76 64 77 -1 65 78 66 79 67 80 68 81 69 82 70 83 71 84 72 85 73 86 74 87 75 88 76 89 77
90 -1 " >
          <Coordinate point="-0.0 0.0 0.0, -0.0 0.0 0.0, -0.0 0.0 0.0, -0.0 0.0 0.0, -0.0 0.0 0.0, -0.0 0.0 0.0, -0.0 0.0 0.0, -0.0 0.0 -0.0, -0.0 0.0 -0.0, -0.0 0.0 -0.0, -0.0 0.0 -0.0, -0.0 0.0 -0.0, -0.0 0.0 -0.0, -0.0 0.0 1.0, -0.25881904 0.0 0.9659258,
-0.5 0.0 0.8660254, -0.70710677 0.0 0.70710677, -0.8660254 0.0 0.5, -0.9659258 0.0 0.25881904, -1.0 0.0 6.123234E-17, -0.9659258 0.0 -0.25881904, -0.8660254 0.0 -0.5, -0.70710677 0.0 -0.70710677, -0.5 0.0 -0.8660254, -0.25881904 0.0 -0.9659258, -1.2246469E-16 0.0 -1.0, -0.0 0.0 2.0, -0.5176381 0.0 1.9318516, -1.0 0.0 1.7320508, -1.4142135 0.0 1.4142135,
-1.7320508 0.0 1.0, -1.9318516 0.0 0.5176381, -2.0 0.0 1.2246469E-16, -1.9318516 0.0 -0.5176381, -1.7320508 0.0 -1.0, -1.4142135 0.0 -1.4142135, -1.0 0.0 -1.7320508, -0.5176381 0.0 -1.9318516, -2.4492937E-16 0.0 -2.0, -0.0 0.0 3.0, -0.77645713 0.0 2.8977776, -1.5 0.0 2.598076, -2.1213202 0.0 2.1213202, -2.598076 0.0 1.5, -2.8977776 0.0 0.77645713,
-3.0 0.0 1.8369701E-16, -2.8977776 0.0 -0.77645713, -2.598076 0.0 -1.5, -2.1213202 0.0 -2.1213202, -1.5 0.0 -2.598076, -0.77645713 0.0 -2.8977776, -3.6739403E-16 0.0 -3.0, -0.0 0.0 4.0, -1.0352762 0.0 3.8637033, -2.0 0.0 3.4641016, -2.828427 0.0 2.828427, -3.4641016 0.0 2.0, -3.8637033 0.0 1.0352762, -4.0 0.0 2.4492937E-16, -3.8637033 0.0 -1.0352762,
-3.4641016 0.0 -2.0, -2.828427 0.0 -2.828427, -2.0 0.0 -3.4641016, -1.0352762 0.0 -3.8637033, -4.8985874E-16 0.0 -4.0, -0.0 0.0 5.0, -1.2940953 0.0 4.829629, -2.5 0.0 4.3301272, -3.535534 0.0 3.535534, -4.3301272 0.0 2.5, -4.829629 0.0 1.2940953, -5.0 0.0 3.061617E-16, -4.829629 0.0 -1.2940953, -4.3301272 0.0 -2.5, -3.535534 0.0 -3.535534,
-2.5 0.0 -4.3301272, -1.2940953 0.0 -4.829629, -6.123234E-16 0.0 -5.0, -0.0 0.0 6.0, -1.5529143 0.0 5.795555, -3.0 0.0 5.196152, -4.2426405 0.0 4.2426405, -5.196152 0.0 3.0, -5.795555 0.0 1.5529143, -6.0 0.0 3.6739403E-16, -5.795555 0.0 -1.5529143, -5.196152 0.0 -3.0, -4.2426405 0.0 -4.2426405, -3.0 0.0 -5.196152, -1.5529143 0.0 -5.795555,
-7.3478806E-16 0.0 -6.0" />
        </IndexedTriangleStripSet>
      </Shape>
      <Shape >
        <Appearance >
          <Material ambientIntensity="0.2" diffuseColor="0.0 0.0 0.0" emissiveColor="0.0 0.54509807 0.54509807" shininess="0.0" specularColor="0.0 0.0 0.0" transparency="0.796875" />
          <LineProperties linetype="1" />
        </Appearance>
        <IndexedTriangleStripSet solid="false" index="0 13 1 14 2 15 3 16 4 17 5 18 6 19 7 20 8 21 9 22 10 23 11 24 12 25 -1 13 26 14 27 15 28 16 29 17 30 18 31 19
32 20 33 21 34 22 35 23 36 24 37 25 38 -1 26 39 27 40 28 41 29 42 30 43 31 44 32 45 33 46 34 47 35 48 36 49 37 50 38 51
-1 39 52 40 53 41 54 42 55 43 56 44 57 45 58 46 59 47 60 48 61 49 62 50 63 51 64 -1 52 65 53 66 54 67 55 68 56 69 57 70
58 71 59 72 60 73 61 74 62 75 63 76 64 77 -1 65 78 66 79 67 80 68 81 69 82 70 83 71 84 72 85 73 86 74 87 75 88 76 89 77
90 -1 " >
          <Coordinate point="-0.0 -0.0 0.0, -0.0 -0.0 0.0, -0.0 -0.0 0.0, -0.0 -0.0 0.0, -0.0 -0.0 0.0, -0.0 -0.0 0.0, -0.0 -0.0 0.0, -0.0 -0.0 -0.0, -0.0 -0.0 -0.0, -0.0 -0.0 -0.0, -0.0 -0.0 -0.0, -0.0 -0.0 -0.0, -0.0 -0.0 -0.0, -0.0 -0.0 1.0, -0.22414386 -0.12940952 0.9659258,
-0.4330127 -0.25 0.8660254, -0.61237246 -0.35355338 0.70710677, -0.75 -0.4330127 0.5, -0.8365163 -0.4829629 0.25881904, -0.8660254 -0.5 6.123234E-17, -0.8365163 -0.4829629 -0.25881904, -0.75 -0.4330127 -0.5, -0.61237246 -0.35355338 -0.70710677, -0.4330127 -0.25 -0.8660254, -0.22414386 -0.12940952 -0.9659258, -1.06057525E-16 -6.123234E-17 -1.0, -0.0 -0.0 2.0, -0.44828773 -0.25881904 1.9318516, -0.8660254 -0.5 1.7320508, -1.2247449 -0.70710677 1.4142135,
-1.5 -0.8660254 1.0, -1.6730326 -0.9659258 0.5176381, -1.7320508 -1.0 1.2246469E-16, -1.6730326 -0.9659258 -0.5176381, -1.5 -0.8660254 -1.0, -1.2247449 -0.70710677 -1.4142135, -0.8660254 -0.5 -1.7320508, -0.44828773 -0.25881904 -1.9318516, -2.1211505E-16 -1.2246469E-16 -2.0, -0.0 -0.0 3.0, -0.6724316 -0.38822857 2.8977776, -1.299038 -0.75 2.598076, -1.8371173 -1.0606601 2.1213202, -2.25 -1.299038 1.5, -2.509549 -1.4488888 0.77645713,
-2.598076 -1.5 1.8369701E-16, -2.509549 -1.4488888 -0.77645713, -2.25 -1.299038 -1.5, -1.8371173 -1.0606601 -2.1213202, -1.299038 -0.75 -2.598076, -0.6724316 -0.38822857 -2.8977776, -3.1817257E-16 -1.8369701E-16 -3.0, -0.0 -0.0 4.0, -0.89657545 -0.5176381 3.8637033, -1.7320508 -1.0 3.4641016, -2.4494898 -1.4142135 2.828427, -3.0 -1.7320508 2.0, -3.3460653 -1.9318516 1.0352762, -3.4641016 -2.0 2.4492937E-16, -3.3460653 -1.9318516 -1.0352762,
-3.0 -1.7320508 -2.0, -2.4494898 -1.4142135 -2.828427, -1.7320508 -1.0 -3.4641016, -0.89657545 -0.5176381 -3.8637033, -4.242301E-16 -2.4492937E-16 -4.0, -0.0 -0.0 5.0, -1.1207193 -0.64704764 4.829629, -2.1650636 -1.25 4.3301272, -3.0618622 -1.767767 3.535534, -3.75 -2.1650636 2.5, -4.1825814 -2.4148145 1.2940953, -4.3301272 -2.5 3.061617E-16, -4.1825814 -2.4148145 -1.2940953, -3.75 -2.1650636 -2.5, -3.0618622 -1.767767 -3.535534,
-2.1650636 -1.25 -4.3301272, -1.1207193 -0.64704764 -4.829629, -5.302876E-16 -3.061617E-16 -5.0, -0.0 -0.0 6.0, -1.3448632 -0.77645713 5.795555, -2.598076 -1.5 5.196152, -3.6742346 -2.1213202 4.2426405, -4.5 -2.598076 3.0, -5.019098 -2.8977776 1.5529143, -5.196152 -3.0 3.6739403E-16, -5.019098 -2.8977776 -1.5529143, -4.5 -2.598076 -3.0, -3.6742346 -2.1213202 -4.2426405, -2.598076 -1.5 -5.196152, -1.3448632 -0.77645713 -5.795555,
-6.3634515E-16 -3.6739403E-16 -6.0" />
        </IndexedTriangleStripSet>
      </Shape>
      <Shape >
        <Appearance >
          <Material ambientIntensity="0.2" diffuseColor="0.0 0.0 0.0" emissiveColor="0.0 0.54509807 0.54509807" shininess="0.0" specularColor="0.0 0.0 0.0" transparency="0.796875" />
          <LineProperties linetype="1" />
        </Appearance>
        <IndexedTriangleStripSet solid="false" index="0 13 1 14 2 15 3 16 4 17 5 18 6 19 7 20 8 21 9 22 10 23 11 24 12 25 -1 13 26 14 27 15 28 16 29 17 30 18 31 19
32 20 33 21 34 22 35 23 36 24 37 25 38 -1 26 39 27 40 28 41 29 42 30 43 31 44 32 45 33 46 34 47 35 48 36 49 37 50 38 51
-1 39 52 40 53 41 54 42 55 43 56 44 57 45 58 46 59 47 60 48 61 49 62 50 63 51 64 -1 52 65 53 66 54 67 55 68 56 69 57 70
58 71 59 72 60 73 61 74 62 75 63 76 64 77 -1 65 78 66 79 67 80 68 81 69 82 70 83 71 84 72 85 73 86 74 87 75 88 76 89 77
90 -1 " >
          <Coordinate point="-0.0 -0.0 0.0, -0.0 -0.0 0.0, -0.0 -0.0 0.0, -0.0 -0.0 0.0, -0.0 -0.0 0.0, -0.0 -0.0 0.0, -0.0 -0.0 0.0, -0.0 -0.0 -0.0, -0.0 -0.0 -0.0, -0.0 -0.0 -0.0, -0.0 -0.0 -0.0, -0.0 -0.0 -0.0, -0.0 -0.0 -0.0, -0.0 -0.0 1.0, -0.12940952 -0.22414386 0.9659258,
-0.25 -0.4330127 0.8660254, -0.35355338 -0.61237246 0.70710677, -0.4330127 -0.75 0.5, -0.4829629 -0.8365163 0.25881904, -0.5 -0.8660254 6.123234E-17, -0.4829629 -0.8365163 -0.25881904, -0.4330127 -0.75 -0.5, -0.35355338 -0.61237246 -0.70710677, -0.25 -0.4330127 -0.8660254, -0.12940952 -0.22414386 -0.9659258, -6.123234E-17 -1.06057525E-16 -1.0, -0.0 -0.0 2.0, -0.25881904 -0.44828773 1.9318516, -0.5 -0.8660254 1.7320508, -0.70710677 -1.2247449 1.4142135,
-0.8660254 -1.5 1.0, -0.9659258 -1.6730326 0.5176381, -1.0 -1.7320508 1.2246469E-16, -0.9659258 -1.6730326 -0.5176381, -0.8660254 -1.5 -1.0, -0.70710677 -1.2247449 -1.4142135, -0.5 -0.8660254 -1.7320508, -0.25881904 -0.44828773 -1.9318516, -1.2246469E-16 -2.1211505E-16 -2.0, -0.0 -0.0 3.0, -0.38822857 -0.6724316 2.8977776, -0.75 -1.299038 2.598076, -1.0606601 -1.8371173 2.1213202, -1.299038 -2.25 1.5, -1.4488888 -2.509549 0.77645713,
-1.5 -2.598076 1.8369701E-16, -1.4488888 -2.509549 -0.77645713, -1.299038 -2.25 -1.5, -1.0606601 -1.8371173 -2.1213202, -0.75 -1.299038 -2.598076, -0.38822857 -0.6724316 -2.8977776, -1.8369701E-16 -3.1817257E-16 -3.0, -0.0 -0.0 4.0, -0.5176381 -0.89657545 3.8637033, -1.0 -1.7320508 3.4641016, -1.4142135 -2.4494898 2.828427, -1.7320508 -3.0 2.0, -1.9318516 -3.3460653 1.0352762, -2.0 -3.4641016 2.4492937E-16, -1.9318516 -3.3460653 -1.0352762,
-1.7320508 -3.0 -2.0, -1.4142135 -2.4494898 -2.828427, -1.0 -1.7320508 -3.4641016, -0.5176381 -0.89657545 -3.8637033, -2.4492937E-16 -4.242301E-16 -4.0, -0.0 -0.0 5.0, -0.64704764 -1.1207193 4.829629, -1.25 -2.1650636 4.3301272, -1.767767 -3.0618622 3.535534, -2.1650636 -3.75 2.5, -2.4148145 -4.1825814 1.2940953, -2.5 -4.3301272 3.061617E-16, -2.4148145 -4.1825814 -1.2940953, -2.1650636 -3.75 -2.5, -1.767767 -3.0618622 -3.535534,
-1.25 -2.1650636 -4.3301272, -0.64704764 -1.1207193 -4.829629, -3.061617E-16 -5.302876E-16 -5.0, -0.0 -0.0 6.0, -0.77645713 -1.3448632 5.795555, -1.5 -2.598076 5.196152, -2.1213202 -3.6742346 4.2426405, -2.598076 -4.5 3.0, -2.8977776 -5.019098 1.5529143, -3.0 -5.196152 3.6739403E-16, -2.8977776 -5.019098 -1.5529143, -2.598076 -4.5 -3.0, -2.1213202 -3.6742346 -4.2426405, -1.5 -2.598076 -5.196152, -0.77645713 -1.3448632 -5.795555,
-3.6739403E-16 -6.3634515E-16 -6.0" />
        </IndexedTriangleStripSet>
      </Shape>
      <Shape >
        <Appearance >
          <Material ambientIntensity="0.2" diffuseColor="0.0 0.0 0.0" emissiveColor="0.0 0.54509807 0.54509807" shininess="0.0" specularColor="0.0 0.0 0.0" transparency="0.796875" />
          <LineProperties linetype="1" />
        </Appearance>
        <IndexedTriangleStripSet solid="false" index="0 13 1 14 2 15 3 16 4 17 5 18 6 19 7 20 8 21 9 22 10 23 11 24 12 25 -1 13 26 14 27 15 28 16 29 17 30 18 31 19
32 20 33 21 34 22 35 23 36 24 37 25 38 -1 26 39 27 40 28 41 29 42 30 43 31 44 32 45 33 46 34 47 35 48 36 49 37 50 38 51
-1 39 52 40 53 41 54 42 55 43 56 44 57 45 58 46 59 47 60 48 61 49 62 50 63 51 64 -1 52 65 53 66 54 67 55 68 56 69 57 70
58 71 59 72 60 73 61 74 62 75 63 76 64 77 -1 65 78 66 79 67 80 68 81 69 82 70 83 71 84 72 85 73 86 74 87 75 88 76 89 77
90 -1 " >
          <Coordinate point="0.0 -0.0 0.0, 0.0 -0.0 0.0, 0.0 -0.0 0.0, 0.0 -0.0 0.0, 0.0 -0.0 0.0, 0.0 -0.0 0.0, 0.0 -0.0 0.0, 0.0 -0.0 -0.0, 0.0 -0.0 -0.0, 0.0 -0.0 -0.0, 0.0 -0.0 -0.0, 0.0 -0.0 -0.0, 0.0 -0.0 -0.0, 0.0 -0.0 1.0, 0.0 -0.25881904 0.9659258,
0.0 -0.5 0.8660254, 0.0 -0.70710677 0.70710677, 0.0 -0.8660254 0.5, 0.0 -0.9659258 0.25881904, 0.0 -1.0 6.123234E-17, 0.0 -0.9659258 -0.25881904, 0.0 -0.8660254 -0.5, 0.0 -0.70710677 -0.70710677, 0.0 -0.5 -0.8660254, 0.0 -0.25881904 -0.9659258, 0.0 -1.2246469E-16 -1.0, 0.0 -0.0 2.0, 0.0 -0.5176381 1.9318516, 0.0 -1.0 1.7320508, 0.0 -1.4142135 1.4142135,
0.0 -1.7320508 1.0, 0.0 -1.9318516 0.5176381, 0.0 -2.0 1.2246469E-16, 0.0 -1.9318516 -0.5176381, 0.0 -1.7320508 -1.0, 0.0 -1.4142135 -1.4142135, 0.0 -1.0 -1.7320508, 0.0 -0.5176381 -1.9318516, 0.0 -2.4492937E-16 -2.0, 0.0 -0.0 3.0, 0.0 -0.77645713 2.8977776, 0.0 -1.5 2.598076, 0.0 -2.1213202 2.1213202, 0.0 -2.598076 1.5, 0.0 -2.8977776 0.77645713,
0.0 -3.0 1.8369701E-16, 0.0 -2.8977776 -0.77645713, 0.0 -2.598076 -1.5, 0.0 -2.1213202 -2.1213202, 0.0 -1.5 -2.598076, 0.0 -0.77645713 -2.8977776, 0.0 -3.6739403E-16 -3.0, 0.0 -0.0 4.0, 0.0 -1.0352762 3.8637033, 0.0 -2.0 3.4641016, 0.0 -2.828427 2.828427, 0.0 -3.4641016 2.0, 0.0 -3.8637033 1.0352762, 0.0 -4.0 2.4492937E-16, 0.0 -3.8637033 -1.0352762,
0.0 -3.4641016 -2.0, 0.0 -2.828427 -2.828427, 0.0 -2.0 -3.4641016, 0.0 -1.0352762 -3.8637033, 0.0 -4.8985874E-16 -4.0, 0.0 -0.0 5.0, 0.0 -1.2940953 4.829629, 0.0 -2.5 4.3301272, 0.0 -3.535534 3.535534, 0.0 -4.3301272 2.5, 0.0 -4.829629 1.2940953, 0.0 -5.0 3.061617E-16, 0.0 -4.829629 -1.2940953, 0.0 -4.3301272 -2.5, 0.0 -3.535534 -3.535534,
0.0 -2.5 -4.3301272, 0.0 -1.2940953 -4.829629, 0.0 -6.123234E-16 -5.0, 0.0 -0.0 6.0, 0.0 -1.5529143 5.795555, 0.0 -3.0 5.196152, 0.0 -4.2426405 4.2426405, 0.0 -5.196152 3.0, 0.0 -5.795555 1.5529143, 0.0 -6.0 3.6739403E-16, 0.0 -5.795555 -1.5529143, 0.0 -5.196152 -3.0, 0.0 -4.2426405 -4.2426405, 0.0 -3.0 -5.196152, 0.0 -1.5529143 -5.795555,
0.0 -7.3478806E-16 -6.0" />
        </IndexedTriangleStripSet>
      </Shape>
      <Shape >
        <Appearance >
          <Material ambientIntensity="0.2" diffuseColor="0.0 0.0 0.0" emissiveColor="0.0 0.54509807 0.54509807" shininess="0.0" specularColor="0.0 0.0 0.0" transparency="0.796875" />
          <LineProperties linetype="1" />
        </Appearance>
        <IndexedTriangleStripSet solid="false" index="0 13 1 14 2 15 3 16 4 17 5 18 6 19 7 20 8 21 9 22 10 23 11 24 12 25 -1 13 26 14 27 15 28 16 29 17 30 18 31 19
32 20 33 21 34 22 35 23 36 24 37 25 38 -1 26 39 27 40 28 41 29 42 30 43 31 44 32 45 33 46 34 47 35 48 36 49 37 50 38 51
-1 39 52 40 53 41 54 42 55 43 56 44 57 45 58 46 59 47 60 48 61 49 62 50 63 51 64 -1 52 65 53 66 54 67 55 68 56 69 57 70
58 71 59 72 60 73 61 74 62 75 63 76 64 77 -1 65 78 66 79 67 80 68 81 69 82 70 83 71 84 72 85 73 86 74 87 75 88 76 89 77
90 -1 " >
          <Coordinate point="0.0 -0.0 0.0, 0.0 -0.0 0.0, 0.0 -0.0 0.0, 0.0 -0.0 0.0, 0.0 -0.0 0.0, 0.0 -0.0 0.0, 0.0 -0.0 0.0, 0.0 -0.0 -0.0, 0.0 -0.0 -0.0, 0.0 -0.0 -0.0, 0.0 -0.0 -0.0, 0.0 -0.0 -0.0, 0.0 -0.0 -0.0, 0.0 -0.0 1.0, 0.12940952 -0.22414386 0.9659258,
0.25 -0.4330127 0.8660254, 0.35355338 -0.61237246 0.70710677, 0.4330127 -0.75 0.5, 0.4829629 -0.8365163 0.25881904, 0.5 -0.8660254 6.123234E-17, 0.4829629 -0.8365163 -0.25881904, 0.4330127 -0.75 -0.5, 0.35355338 -0.61237246 -0.70710677, 0.25 -0.4330127 -0.8660254, 0.12940952 -0.22414386 -0.9659258, 6.123234E-17 -1.06057525E-16 -1.0, 0.0 -0.0 2.0, 0.25881904 -0.44828773 1.9318516, 0.5 -0.8660254 1.7320508, 0.70710677 -1.2247449 1.4142135,
0.8660254 -1.5 1.0, 0.9659258 -1.6730326 0.5176381, 1.0 -1.7320508 1.2246469E-16, 0.9659258 -1.6730326 -0.5176381, 0.8660254 -1.5 -1.0, 0.70710677 -1.2247449 -1.4142135, 0.5 -0.8660254 -1.7320508, 0.25881904 -0.44828773 -1.9318516, 1.2246469E-16 -2.1211505E-16 -2.0, 0.0 -0.0 3.0, 0.38822857 -0.6724316 2.8977776, 0.75 -1.299038 2.598076, 1.0606601 -1.8371173 2.1213202, 1.299038 -2.25 1.5, 1.4488888 -2.509549 0.77645713,
1.5 -2.598076 1.8369701E-16, 1.4488888 -2.509549 -0.77645713, 1.299038 -2.25 -1.5, 1.0606601 -1.8371173 -2.1213202, 0.75 -1.299038 -2.598076, 0.38822857 -0.6724316 -2.8977776, 1.8369701E-16 -3.1817257E-16 -3.0, 0.0 -0.0 4.0, 0.5176381 -0.89657545 3.8637033, 1.0 -1.7320508 3.4641016, 1.4142135 -2.4494898 2.828427, 1.7320508 -3.0 2.0, 1.9318516 -3.3460653 1.0352762, 2.0 -3.4641016 2.4492937E-16, 1.9318516 -3.3460653 -1.0352762,
1.7320508 -3.0 -2.0, 1.4142135 -2.4494898 -2.828427, 1.0 -1.7320508 -3.4641016, 0.5176381 -0.89657545 -3.8637033, 2.4492937E-16 -4.242301E-16 -4.0, 0.0 -0.0 5.0, 0.64704764 -1.1207193 4.829629, 1.25 -2.1650636 4.3301272, 1.767767 -3.0618622 3.535534, 2.1650636 -3.75 2.5, 2.4148145 -4.1825814 1.2940953, 2.5 -4.3301272 3.061617E-16, 2.4148145 -4.1825814 -1.2940953, 2.1650636 -3.75 -2.5, 1.767767 -3.0618622 -3.535534,
1.25 -2.1650636 -4.3301272, 0.64704764 -1.1207193 -4.829629, 3.061617E-16 -5.302876E-16 -5.0, 0.0 -0.0 6.0, 0.77645713 -1.3448632 5.795555, 1.5 -2.598076 5.196152, 2.1213202 -3.6742346 4.2426405, 2.598076 -4.5 3.0, 2.8977776 -5.019098 1.5529143, 3.0 -5.196152 3.6739403E-16, 2.8977776 -5.019098 -1.5529143, 2.598076 -4.5 -3.0, 2.1213202 -3.6742346 -4.2426405, 1.5 -2.598076 -5.196152, 0.77645713 -1.3448632 -5.795555,
3.6739403E-16 -6.3634515E-16 -6.0" />
        </IndexedTriangleStripSet>
      </Shape>
      <Shape >
        <Appearance >
          <Material ambientIntensity="0.2" diffuseColor="0.0 0.0 0.0" emissiveColor="0.0 0.54509807 0.54509807" shininess="0.0" specularColor="0.0 0.0 0.0" transparency="0.796875" />
          <LineProperties linetype="1" />
        </Appearance>
        <IndexedTriangleStripSet solid="false" index="0 13 1 14 2 15 3 16 4 17 5 18 6 19 7 20 8 21 9 22 10 23 11 24 12 25 -1 13 26 14 27 15 28 16 29 17 30 18 31 19
32 20 33 21 34 22 35 23 36 24 37 25 38 -1 26 39 27 40 28 41 29 42 30 43 31 44 32 45 33 46 34 47 35 48 36 49 37 50 38 51
-1 39 52 40 53 41 54 42 55 43 56 44 57 45 58 46 59 47 60 48 61 49 62 50 63 51 64 -1 52 65 53 66 54 67 55 68 56 69 57 70
58 71 59 72 60 73 61 74 62 75 63 76 64 77 -1 65 78 66 79 67 80 68 81 69 82 70 83 71 84 72 85 73 86 74 87 75 88 76 89 77
90 -1 " >
          <Coordinate point="0.0 -0.0 0.0, 0.0 -0.0 0.0, 0.0 -0.0 0.0, 0.0 -0.0 0.0, 0.0 -0.0 0.0, 0.0 -0.0 0.0, 0.0 -0.0 0.0, 0.0 -0.0 -0.0, 0.0 -0.0 -0.0, 0.0 -0.0 -0.0, 0.0 -0.0 -0.0, 0.0 -0.0 -0.0, 0.0 -0.0 -0.0, 0.0 -0.0 1.0, 0.22414386 -0.12940952 0.9659258,
0.4330127 -0.25 0.8660254, 0.61237246 -0.35355338 0.70710677, 0.75 -0.4330127 0.5, 0.8365163 -0.4829629 0.25881904, 0.8660254 -0.5 6.123234E-17, 0.8365163 -0.4829629 -0.25881904, 0.75 -0.4330127 -0.5, 0.61237246 -0.35355338 -0.70710677, 0.4330127 -0.25 -0.8660254, 0.22414386 -0.12940952 -0.9659258, 1.06057525E-16 -6.123234E-17 -1.0, 0.0 -0.0 2.0, 0.44828773 -0.25881904 1.9318516, 0.8660254 -0.5 1.7320508, 1.2247449 -0.70710677 1.4142135,
1.5 -0.8660254 1.0, 1.6730326 -0.9659258 0.5176381, 1.7320508 -1.0 1.2246469E-16, 1.6730326 -0.9659258 -0.5176381, 1.5 -0.8660254 -1.0, 1.2247449 -0.70710677 -1.4142135, 0.8660254 -0.5 -1.7320508, 0.44828773 -0.25881904 -1.9318516, 2.1211505E-16 -1.2246469E-16 -2.0, 0.0 -0.0 3.0, 0.6724316 -0.38822857 2.8977776, 1.299038 -0.75 2.598076, 1.8371173 -1.0606601 2.1213202, 2.25 -1.299038 1.5, 2.509549 -1.4488888 0.77645713,
2.598076 -1.5 1.8369701E-16, 2.509549 -1.4488888 -0.77645713, 2.25 -1.299038 -1.5, 1.8371173 -1.0606601 -2.1213202, 1.299038 -0.75 -2.598076, 0.6724316 -0.38822857 -2.8977776, 3.1817257E-16 -1.8369701E-16 -3.0, 0.0 -0.0 4.0, 0.89657545 -0.5176381 3.8637033, 1.7320508 -1.0 3.4641016, 2.4494898 -1.4142135 2.828427, 3.0 -1.7320508 2.0, 3.3460653 -1.9318516 1.0352762, 3.4641016 -2.0 2.4492937E-16, 3.3460653 -1.9318516 -1.0352762,
3.0 -1.7320508 -2.0, 2.4494898 -1.4142135 -2.828427, 1.7320508 -1.0 -3.4641016, 0.89657545 -0.5176381 -3.8637033, 4.242301E-16 -2.4492937E-16 -4.0, 0.0 -0.0 5.0, 1.1207193 -0.64704764 4.829629, 2.1650636 -1.25 4.3301272, 3.0618622 -1.767767 3.535534, 3.75 -2.1650636 2.5, 4.1825814 -2.4148145 1.2940953, 4.3301272 -2.5 3.061617E-16, 4.1825814 -2.4148145 -1.2940953, 3.75 -2.1650636 -2.5, 3.0618622 -1.767767 -3.535534,
2.1650636 -1.25 -4.3301272, 1.1207193 -0.64704764 -4.829629, 5.302876E-16 -3.061617E-16 -5.0, 0.0 -0.0 6.0, 1.3448632 -0.77645713 5.795555, 2.598076 -1.5 5.196152, 3.6742346 -2.1213202 4.2426405, 4.5 -2.598076 3.0, 5.019098 -2.8977776 1.5529143, 5.196152 -3.0 3.6739403E-16, 5.019098 -2.8977776 -1.5529143, 4.5 -2.598076 -3.0, 3.6742346 -2.1213202 -4.2426405, 2.598076 -1.5 -5.196152, 1.3448632 -0.77645713 -5.795555,
6.3634515E-16 -3.6739403E-16 -6.0" />
        </IndexedTriangleStripSet>
      </Shape>
      <Shape >
        <Appearance >
          <Material ambientIntensity="0.2" diffuseColor="0.0 0.0 0.0" emissiveColor="0.0 0.54509807 0.54509807" shininess="0.0" specularColor="0.0 0.0 0.0" transparency="0.796875" />
          <LineProperties linetype="1" />
        </Appearance>
        <IndexedTriangleStripSet solid="false" index="0 13 1 14 2 15 3 16 4 17 5 18 6 19 7 20 8 21 9 22 10 23 11 24 12 25 -1 13 26 14 27 15 28 16 29 17 30 18 31 19
32 20 33 21 34 22 35 23 36 24 37 25 38 -1 26 39 27 40 28 41 29 42 30 43 31 44 32 45 33 46 34 47 35 48 36 49 37 50 38 51
-1 39 52 40 53 41 54 42 55 43 56 44 57 45 58 46 59 47 60 48 61 49 62 50 63 51 64 -1 52 65 53 66 54 67 55 68 56 69 57 70
58 71 59 72 60 73 61 74 62 75 63 76 64 77 -1 65 78 66 79 67 80 68 81 69 82 70 83 71 84 72 85 73 86 74 87 75 88 76 89 77
90 -1 " >
          <Coordinate point="0.0 0.0 0.0, 0.0 0.0 0.0, 0.0 0.0 0.0, 0.0 0.0 0.0, 0.0 0.0 0.0, 0.0 0.0 0.0, 0.0 0.0 0.0, 0.0 0.0 -0.0, 0.0 0.0 -0.0, 0.0 0.0 -0.0, 0.0 0.0 -0.0, 0.0 0.0 -0.0, 0.0 0.0 -0.0, 0.0 0.0 1.0, 0.25881904 0.0 0.9659258,
0.5 0.0 0.8660254, 0.70710677 0.0 0.70710677, 0.8660254 0.0 0.5, 0.9659258 0.0 0.25881904, 1.0 0.0 6.123234E-17, 0.9659258 0.0 -0.25881904, 0.8660254 0.0 -0.5, 0.70710677 0.0 -0.70710677, 0.5 0.0 -0.8660254, 0.25881904 0.0 -0.9659258, 1.2246469E-16 0.0 -1.0, 0.0 0.0 2.0, 0.5176381 0.0 1.9318516, 1.0 0.0 1.7320508, 1.4142135 0.0 1.4142135,
1.7320508 0.0 1.0, 1.9318516 0.0 0.5176381, 2.0 0.0 1.2246469E-16, 1.9318516 0.0 -0.5176381, 1.7320508 0.0 -1.0, 1.4142135 0.0 -1.4142135, 1.0 0.0 -1.7320508, 0.5176381 0.0 -1.9318516, 2.4492937E-16 0.0 -2.0, 0.0 0.0 3.0, 0.77645713 0.0 2.8977776, 1.5 0.0 2.598076, 2.1213202 0.0 2.1213202, 2.598076 0.0 1.5, 2.8977776 0.0 0.77645713,
3.0 0.0 1.8369701E-16, 2.8977776 0.0 -0.77645713, 2.598076 0.0 -1.5, 2.1213202 0.0 -2.1213202, 1.5 0.0 -2.598076, 0.77645713 0.0 -2.8977776, 3.6739403E-16 0.0 -3.0, 0.0 0.0 4.0, 1.0352762 0.0 3.8637033, 2.0 0.0 3.4641016, 2.828427 0.0 2.828427, 3.4641016 0.0 2.0, 3.8637033 0.0 1.0352762, 4.0 0.0 2.4492937E-16, 3.8637033 0.0 -1.0352762,
3.4641016 0.0 -2.0, 2.828427 0.0 -2.828427, 2.0 0.0 -3.4641016, 1.0352762 0.0 -3.8637033, 4.8985874E-16 0.0 -4.0, 0.0 0.0 5.0, 1.2940953 0.0 4.829629, 2.5 0.0 4.3301272, 3.535534 0.0 3.535534, 4.3301272 0.0 2.5, 4.829629 0.0 1.2940953, 5.0 0.0 3.061617E-16, 4.829629 0.0 -1.2940953, 4.3301272 0.0 -2.5, 3.535534 0.0 -3.535534,
2.5 0.0 -4.3301272, 1.2940953 0.0 -4.829629, 6.123234E-16 0.0 -5.0, 0.0 0.0 6.0, 1.5529143 0.0 5.795555, 3.0 0.0 5.196152, 4.2426405 0.0 4.2426405, 5.196152 0.0 3.0, 5.795555 0.0 1.5529143, 6.0 0.0 3.6739403E-16, 5.795555 0.0 -1.5529143, 5.196152 0.0 -3.0, 4.2426405 0.0 -4.2426405, 3.0 0.0 -5.196152, 1.5529143 0.0 -5.795555,
7.3478806E-16 0.0 -6.0" />
        </IndexedTriangleStripSet>
      </Shape>
    </Transform>
  </Transform>
  <Transform scale="1.0 1.0 1.0" translation="0.0 0.0 0.0" DEF="PrettyDrawing" >
    <Transform scale="1.6666666 1.6666666 1.6666666" translation="0.0 0.0 0.0" >
      <Transform scale="1.0 1.0 1.0" translation="-0.0 -0.0 -0.0" >
      </Transform>
    </Transform>
  </Transform>
  <Group >
    <Group >
      <Transform scale="1.6666666 1.6666666 1.6666666" translation="0.0 0.0 0.0" >
        <Transform scale="1.0 1.0 1.0" translation="-0.0 -0.0 -0.0" >
          <Shape >
            <Appearance >
              <Material ambientIntensity="0.2" diffuseColor="0.0 0.0 0.0" emissiveColor="0.0 0.0 0.0" shininess="0.0" specularColor="0.0 0.0 0.0" transparency="0.0" />
              <LineProperties linetype="1" />
            </Appearance>
            <IndexedLineSet coordIndex="0 1 -1 " >
              <Coordinate point="-6.0 0.0 0.0, 6.0 0.0 0.0" />
            </IndexedLineSet>
          </Shape>
        </Transform>
      </Transform>
      <Shape >
        <Appearance >
