<?xml version="1.0" encoding="UTF-8"?>
<!DOCTYPE X3D PUBLIC "ISO//Web3D//DTD X3D 3.0//EN"   "http://www.web3d.org/specifications/x3d-3.0.dtd">
<X3D profile="Immersive">
  <head>
    <meta name="description" content="*enter description here, short-sentence summaries preferred*"/>
    <meta name="created"    content="29 June 2022"/>
    <meta name="revised"    content="29 June 2022"/>
    <meta name="generator" content="Maple, http://www.maplesoft.com/"/>
  </head>
  <Scene>
  <NavigationInfo headlight="false" type='"EXAMINE" "WALK" "ANY" ' />
  <Background skyColor="1.0 1.0 1.0" />
  <Transform rotation="0.0 0.0 1.0 1.3962634" >
    <Transform rotation="0.0 1.0 0.0 1.2217305" >
      <Transform rotation="1.0 0.0 0.0 1.0471976" >
        <Transform rotation="0.0 0.0 1.0 1.5707964" >
          <Viewpoint position="0.0 0.0 700" fieldOfView="0.034987357" />
        </Transform>
      </Transform>
    </Transform>
  </Transform>
  <Transform scale="1.6666666 1.6666666 1.6666666" translation="0.0 0.0 0.0" >
    <Transform scale="1.0 1.0 1.0" translation="-0.0 -0.0 -0.0" >
      <Shape >
        <Appearance >
          <Material ambientIntensity="0.2" diffuseColor="0.0 0.0 0.0" emissiveColor="0.0 0.0 1.0" shininess="0.0" specularColor="0.0 0.0 0.0" transparency="0.0" />
          <LineProperties linetype="1" />
        </Appearance>
        <IndexedLineSet coordIndex="0 1 2 3 4 5 6 7 8 9 10 11 12 13 14 15 16 17 18 19 20 21 22 23 24 25 26 27 28 29 30 31 32 33 34 35 36 37 38 39
40 41 42 43 44 45 46 47 48 49 50 51 52 53 54 55 56 57 58 59 60 61 62 63 64 65 66 67 68 69 70 71 72 73 74 75 76 77 78 79
80 81 82 83 84 85 86 87 88 89 90 91 92 93 94 95 96 97 98 99 100 101 102 103 104 105 106 107 108 109 110 111 112 113 114 115 116 117 118 119
120 121 122 123 124 125 126 127 128 129 130 131 132 133 134 135 136 137 138 139 140 141 142 143 144 145 146 147 148 149 150 151 152 153 154 155 156 157 158 159
160 161 162 163 164 165 166 167 168 169 170 171 172 173 174 175 176 177 178 179 180 181 182 183 184 185 186 187 188 189 190 191 192 193 194 195 196 197 198 199
-1 " >
          <Coordinate point="0.0 0.0 2.0, 0.031572483 0.0 1.9997507, 0.0631371 0.0 1.9990032, 0.09468598 0.0 1.9977574, 0.12621126 0.0 1.9960138, 0.15770508 0.0 1.9937726, 0.18915962 0.0 1.9910345, 0.220567 0.0 1.9878004, 0.25191942 0.0 1.9840707, 0.28320903 0.0 1.9798466, 0.3144281 0.0 1.9751291, 0.34556878 0.0 1.9699193, 0.37662333 0.0 1.9642186, 0.40758404 0.0 1.9580284, 0.43844315 0.0 1.9513502,
0.469193 0.0 1.9441856, 0.49982592 0.0 1.9365367, 0.5303343 0.0 1.9284049, 0.56071043 0.0 1.9197927, 0.5909469 0.0 1.9107019, 0.62103605 0.0 1.901135, 0.65097046 0.0 1.8910942, 0.6807426 0.0 1.8805822, 0.7103451 0.0 1.8696015, 0.7397706 0.0 1.8581549, 0.7690117 0.0 1.8462452, 0.79806113 0.0 1.8338753, 0.8269117 0.0 1.8210484, 0.85555613 0.0 1.8077676, 0.88398737 0.0 1.7940363,
0.9121983 0.0 1.7798579, 0.9401819 0.0 1.7652359, 0.9679312 0.0 1.750174, 0.99543923 0.0 1.734676, 1.0226992 0.0 1.7187456, 1.0497043 0.0 1.7023869, 1.0764478 0.0 1.6856037, 1.102923 0.0 1.6684006, 1.1291233 0.0 1.6507818, 1.1550423 0.0 1.6327515, 1.1806734 0.0 1.6143142, 1.2060102 0.0 1.5954746, 1.2310464 0.0 1.5762374, 1.2557759 0.0 1.5566075, 1.2801925 0.0 1.5365895,
1.3042899 0.0 1.5161886, 1.3280623 0.0 1.4954098, 1.3515037 0.0 1.4742584, 1.3746083 0.0 1.4527395, 1.3973703 0.0 1.4308586, 1.4197841 0.0 1.4086211, 1.441844 0.0 1.3860325, 1.4635445 0.0 1.3630985, 1.4848803 0.0 1.3398247, 1.5058461 0.0 1.3162171, 1.5264366 0.0 1.2922814, 1.5466467 0.0 1.2680237, 1.5664712 0.0 1.2434499, 1.5859054 0.0 1.2185663, 1.6049445 0.0 1.1933789,
1.6235834 0.0 1.1678942, 1.6418178 0.0 1.1421185, 1.6596429 0.0 1.116058, 1.6770545 0.0 1.0897194, 1.694048 0.0 1.0631092, 1.7106194 0.0 1.036234, 1.7267646 0.0 1.0091007, 1.7424793 0.0 0.9817158, 1.7577598 0.0 0.9540863, 1.7726022 0.0 0.926219, 1.7870028 0.0 0.8981208, 1.800958 0.0 0.86979884, 1.8144644 0.0 0.84126014, 1.8275187 0.0 0.8125117, 1.8401176 0.0 0.7835608,
1.8522577 0.0 0.7544146, 1.8639363 0.0 0.72508043, 1.8751503 0.0 0.6955655, 1.885897 0.0 0.6658773, 1.8961737 0.0 0.63602304, 1.9059778 0.0 0.6060104, 1.9153069 0.0 0.5758466, 1.9241587 0.0 0.5455394, 1.932531 0.0 0.5150961, 1.9404216 0.0 0.48452455, 1.9478287 0.0 0.4538322, 1.9547502 0.0 0.42302677, 1.9611846 0.0 0.3921159, 1.9671303 0.0 0.3611073, 1.9725857 0.0 0.33000872,
1.9775494 0.0 0.2988279, 1.9820204 0.0 0.26757255, 1.9859974 0.0 0.23625056, 1.9894794 0.0 0.20486969, 1.9924656 0.0 0.17343776, 1.9949553 0.0 0.1419626, 1.9969478 0.0 0.11045206, 1.9984425 0.0 0.078914, 1.9994392 0.0 0.047356267, 1.9999377 0.0 0.015786733, 1.9999377 0.0 -0.015786733, 1.9994392 0.0 -0.047356267, 1.9984425 0.0 -0.078914, 1.9969478 0.0 -0.11045206, 1.9949553 0.0 -0.1419626,
1.9924656 0.0 -0.17343776, 1.9894794 0.0 -0.20486969, 1.9859974 0.0 -0.23625056, 1.9820204 0.0 -0.26757255, 1.9775494 0.0 -0.2988279, 1.9725857 0.0 -0.33000872, 1.9671303 0.0 -0.3611073, 1.9611846 0.0 -0.3921159, 1.9547502 0.0 -0.42302677, 1.9478287 0.0 -0.4538322, 1.9404216 0.0 -0.48452455, 1.932531 0.0 -0.5150961, 1.9241587 0.0 -0.5455394, 1.9153069 0.0 -0.5758466, 1.9059778 0.0 -0.6060104,
1.8961737 0.0 -0.63602304, 1.885897 0.0 -0.6658773, 1.8751503 0.0 -0.6955655, 1.8639363 0.0 -0.72508043, 1.8522577 0.0 -0.7544146, 1.8401176 0.0 -0.7835608, 1.8275187 0.0 -0.8125117, 1.8144644 0.0 -0.84126014, 1.800958 0.0 -0.86979884, 1.7870028 0.0 -0.8981208, 1.7726022 0.0 -0.926219, 1.7577598 0.0 -0.9540863, 1.7424793 0.0 -0.9817158, 1.7267646 0.0 -1.0091007, 1.7106194 0.0 -1.036234,
1.694048 0.0 -1.0631092, 1.6770545 0.0 -1.0897194, 1.6596429 0.0 -1.116058, 1.6418178 0.0 -1.1421185, 1.6235834 0.0 -1.1678942, 1.6049445 0.0 -1.1933789, 1.5859054 0.0 -1.2185663, 1.5664712 0.0 -1.2434499, 1.5466467 0.0 -1.2680237, 1.5264366 0.0 -1.2922814, 1.5058461 0.0 -1.3162171, 1.4848803 0.0 -1.3398247, 1.4635445 0.0 -1.3630985, 1.441844 0.0 -1.3860325, 1.4197841 0.0 -1.4086211,
1.3973703 0.0 -1.4308586, 1.3746083 0.0 -1.4527395, 1.3515037 0.0 -1.4742584, 1.3280623 0.0 -1.4954098, 1.3042899 0.0 -1.5161886, 1.2801925 0.0 -1.5365895, 1.2557759 0.0 -1.5566075, 1.2310464 0.0 -1.5762374, 1.2060102 0.0 -1.5954746, 1.1806734 0.0 -1.6143142, 1.1550423 0.0 -1.6327515, 1.1291233 0.0 -1.6507818, 1.102923 0.0 -1.6684006, 1.0764478 0.0 -1.6856037, 1.0497043 0.0 -1.7023869,
1.0226992 0.0 -1.7187456, 0.99543923 0.0 -1.734676, 0.9679312 0.0 -1.750174, 0.9401819 0.0 -1.7652359, 0.9121983 0.0 -1.7798579, 0.88398737 0.0 -1.7940363, 0.85555613 0.0 -1.8077676, 0.8269117 0.0 -1.8210484, 0.79806113 0.0 -1.8338753, 0.7690117 0.0 -1.8462452, 0.7397706 0.0 -1.8581549, 0.7103451 0.0 -1.8696015, 0.6807426 0.0 -1.8805822, 0.65097046 0.0 -1.8910942, 0.62103605 0.0 -1.901135,
0.5909469 0.0 -1.9107019, 0.56071043 0.0 -1.9197927, 0.5303343 0.0 -1.9284049, 0.49982592 0.0 -1.9365367, 0.469193 0.0 -1.9441856, 0.43844315 0.0 -1.9513502, 0.40758404 0.0 -1.9580284, 0.37662333 0.0 -1.9642186, 0.34556878 0.0 -1.9699193, 0.3144281 0.0 -1.9751291, 0.28320903 0.0 -1.9798466, 0.25191942 0.0 -1.9840707, 0.220567 0.0 -1.9878004, 0.18915962 0.0 -1.9910345, 0.15770508 0.0 -1.9937726,
0.12621126 0.0 -1.9960138, 0.09468598 0.0 -1.9977574, 0.0631371 0.0 -1.9990032, 0.031572483 0.0 -1.9997507, 2.4492937E-16 0.0 -2.0" />
        </IndexedLineSet>
      </Shape>
      <Shape >
        <Appearance >
          <Material ambientIntensity="0.2" diffuseColor="0.0 0.0 0.0" emissiveColor="0.0 0.0 1.0" shininess="0.0" specularColor="0.0 0.0 0.0" transparency="0.0" />
          <LineProperties linetype="1" />
        </Appearance>
        <IndexedLineSet coordIndex="0 1 2 3 4 5 6 7 8 9 10 11 12 13 14 15 16 17 18 19 20 21 22 23 24 25 26 27 28 29 30 31 32 33 34 35 36 37 38 39
40 41 42 43 44 45 46 47 48 49 50 51 52 53 54 55 56 57 58 59 60 61 62 63 64 65 66 67 68 69 70 71 72 73 74 75 76 77 78 79
80 81 82 83 84 85 86 87 88 89 90 91 92 93 94 95 96 97 98 99 100 101 102 103 104 105 106 107 108 109 110 111 112 113 114 115 116 117 118 119
120 121 122 123 124 125 126 127 128 129 130 131 132 133 134 135 136 137 138 139 140 141 142 143 144 145 146 147 148 149 150 151 152 153 154 155 156 157 158 159
160 161 162 163 164 165 166 167 168 169 170 171 172 173 174 175 176 177 178 179 180 181 182 183 184 185 186 187 188 189 190 191 192 193 194 195 196 197 198 199
-1 " >
          <Coordinate point="0.0 0.0 2.0, 0.027342573 0.015786242 1.9997507, 0.054678332 0.03156855 1.9990032, 0.082000464 0.04734299 1.9977574, 0.10930216 0.06310563 1.9960138, 0.13657661 0.07885254 1.9937726, 0.16381703 0.09457981 1.9910345, 0.19101663 0.1102835 1.9878004, 0.21816862 0.12595971 1.9840707, 0.24526623 0.14160451 1.9798466, 0.27230272 0.15721405 1.9751291, 0.29927135 0.17278439 1.9699193, 0.32616538 0.18831167 1.9642186, 0.35297814 0.20379202 1.9580284, 0.3797029 0.21922158 1.9513502,
0.40633306 0.2345965 1.9441856, 0.43286195 0.24991296 1.9365367, 0.45928296 0.26516715 1.9284049, 0.4855895 0.28035522 1.9197927, 0.511775 0.29547346 1.9107019, 0.53783303 0.31051803 1.901135, 0.56375694 0.32548523 1.8910942, 0.58954036 0.3403713 1.8805822, 0.6151769 0.35517254 1.8696015, 0.6406601 0.3698853 1.8581549, 0.6659836 0.38450584 1.8462452, 0.6911412 0.39903057 1.8338753, 0.7161265 0.41345584 1.8210484, 0.74093336 0.42777807 1.8077676, 0.7655555 0.44199368 1.7940363,
0.7899869 0.45609915 1.7798579, 0.81422144 0.47009096 1.7652359, 0.838253 0.4839656 1.750174, 0.8620757 0.49771962 1.734676, 0.88568354 0.5113496 1.7187456, 0.9090706 0.52485216 1.7023869, 0.9322311 0.5382239 1.6856037, 0.95515937 0.5514615 1.6684006, 0.97784954 0.56456167 1.6507818, 1.000296 0.57752115 1.6327515, 1.0224931 0.5903367 1.6143142, 1.0444355 0.6030051 1.5954746, 1.0661175 0.6155232 1.5762374, 1.0875338 0.62788796 1.5566075, 1.1086792 0.64009625 1.5365895,
1.1295482 0.65214497 1.5161886, 1.1501356 0.66403115 1.4954098, 1.1704365 0.67575186 1.4742584, 1.1904457 0.68730414 1.4527395, 1.2101582 0.69868517 1.4308586, 1.2295691 0.70989203 1.4086211, 1.2486734 0.720922 1.3860325, 1.2674668 0.73177224 1.3630985, 1.2859441 0.74244016 1.3398247, 1.304101 0.7529231 1.3162171, 1.3219329 0.7632183 1.2922814, 1.3394353 0.77332336 1.2680237, 1.3566039 0.7832356 1.2434499, 1.3734344 0.7929527 1.2185663, 1.3899226 0.80247223 1.1933789,
1.4060645 0.8117917 1.1678942, 1.4218559 0.8209089 1.1421185, 1.4372929 0.82982147 1.116058, 1.4523718 0.83852726 1.0897194, 1.4670887 0.847024 1.0631092, 1.48144 0.8553097 1.036234, 1.495422 0.8633823 1.0091007, 1.5090313 0.87123966 0.9817158, 1.5222646 0.8788799 0.9540863, 1.5351185 0.8863011 0.926219, 1.5475898 0.8935014 0.8981208, 1.5596755 0.900479 0.86979884, 1.5713724 0.9072322 0.84126014, 1.5826776 0.91375935 0.8125117, 1.5935885 0.9200588 0.7835608,
1.6041023 0.92612886 0.7544146, 1.6142162 0.93196815 0.72508043, 1.6239278 0.93757516 0.6955655, 1.6332347 0.9429485 0.6658773, 1.6421345 0.94808686 0.63602304, 1.6506252 0.9529889 0.6060104, 1.6587045 0.95765346 0.5758466, 1.6663704 0.96207935 0.5455394, 1.6736209 0.9662655 0.5150961, 1.6804544 0.9702108 0.48452455, 1.686869 0.9739143 0.4538322, 1.6928633 0.9773751 0.42302677, 1.6984357 0.9805923 0.3921159, 1.7035848 0.98356515 0.3611073, 1.7083093 0.98629284 0.33000872,
1.7126081 0.9887747 0.2988279, 1.71648 0.9910102 0.26757255, 1.7199242 0.9929987 0.23625056, 1.7229397 0.9947397 0.20486969, 1.7255259 0.9962328 0.17343776, 1.727682 0.99747765 0.1419626, 1.7294074 0.9984739 0.11045206, 1.730702 0.99922127 0.078914, 1.7315652 0.9997196 0.047356267, 1.7319969 0.9999688 0.015786733, 1.7319969 0.9999688 -0.015786733, 1.7315652 0.9997196 -0.047356267, 1.730702 0.99922127 -0.078914, 1.7294074 0.9984739 -0.11045206, 1.727682 0.99747765 -0.1419626,
1.7255259 0.9962328 -0.17343776, 1.7229397 0.9947397 -0.20486969, 1.7199242 0.9929987 -0.23625056, 1.71648 0.9910102 -0.26757255, 1.7126081 0.9887747 -0.2988279, 1.7083093 0.98629284 -0.33000872, 1.7035848 0.98356515 -0.3611073, 1.6984357 0.9805923 -0.3921159, 1.6928633 0.9773751 -0.42302677, 1.686869 0.9739143 -0.4538322, 1.6804544 0.9702108 -0.48452455, 1.6736209 0.9662655 -0.5150961, 1.6663704 0.96207935 -0.5455394, 1.6587045 0.95765346 -0.5758466, 1.6506252 0.9529889 -0.6060104,
1.6421345 0.94808686 -0.63602304, 1.6332347 0.9429485 -0.6658773, 1.6239278 0.93757516 -0.6955655, 1.6142162 0.93196815 -0.72508043, 1.6041023 0.92612886 -0.7544146, 1.5935885 0.9200588 -0.7835608, 1.5826776 0.91375935 -0.8125117, 1.5713724 0.9072322 -0.84126014, 1.5596755 0.900479 -0.86979884, 1.5475898 0.8935014 -0.8981208, 1.5351185 0.8863011 -0.926219, 1.5222646 0.8788799 -0.9540863, 1.5090313 0.87123966 -0.9817158, 1.495422 0.8633823 -1.0091007, 1.48144 0.8553097 -1.036234,
1.4670887 0.847024 -1.0631092, 1.4523718 0.83852726 -1.0897194, 1.4372929 0.82982147 -1.116058, 1.4218559 0.8209089 -1.1421185, 1.4060645 0.8117917 -1.1678942, 1.3899226 0.80247223 -1.1933789, 1.3734344 0.7929527 -1.2185663, 1.3566039 0.7832356 -1.2434499, 1.3394353 0.77332336 -1.2680237, 1.3219329 0.7632183 -1.2922814, 1.304101 0.7529231 -1.3162171, 1.2859441 0.74244016 -1.3398247, 1.2674668 0.73177224 -1.3630985, 1.2486734 0.720922 -1.3860325, 1.2295691 0.70989203 -1.4086211,
1.2101582 0.69868517 -1.4308586, 1.1904457 0.68730414 -1.4527395, 1.1704365 0.67575186 -1.4742584, 1.1501356 0.66403115 -1.4954098, 1.1295482 0.65214497 -1.5161886, 1.1086792 0.64009625 -1.5365895, 1.0875338 0.62788796 -1.5566075, 1.0661175 0.6155232 -1.5762374, 1.0444355 0.6030051 -1.5954746, 1.0224931 0.5903367 -1.6143142, 1.000296 0.57752115 -1.6327515, 0.97784954 0.56456167 -1.6507818, 0.95515937 0.5514615 -1.6684006, 0.9322311 0.5382239 -1.6856037, 0.9090706 0.52485216 -1.7023869,
0.88568354 0.5113496 -1.7187456, 0.8620757 0.49771962 -1.734676, 0.838253 0.4839656 -1.750174, 0.81422144 0.47009096 -1.7652359, 0.7899869 0.45609915 -1.7798579, 0.7655555 0.44199368 -1.7940363, 0.74093336 0.42777807 -1.8077676, 0.7161265 0.41345584 -1.8210484, 0.6911412 0.39903057 -1.8338753, 0.6659836 0.38450584 -1.8462452, 0.6406601 0.3698853 -1.8581549, 0.6151769 0.35517254 -1.8696015, 0.58954036 0.3403713 -1.8805822, 0.56375694 0.32548523 -1.8910942, 0.53783303 0.31051803 -1.901135,
0.511775 0.29547346 -1.9107019, 0.4855895 0.28035522 -1.9197927, 0.45928296 0.26516715 -1.9284049, 0.43286195 0.24991296 -1.9365367, 0.40633306 0.2345965 -1.9441856, 0.3797029 0.21922158 -1.9513502, 0.35297814 0.20379202 -1.9580284, 0.32616538 0.18831167 -1.9642186, 0.29927135 0.17278439 -1.9699193, 0.27230272 0.15721405 -1.9751291, 0.24526623 0.14160451 -1.9798466, 0.21816862 0.12595971 -1.9840707, 0.19101663 0.1102835 -1.9878004, 0.16381703 0.09457981 -1.9910345, 0.13657661 0.07885254 -1.9937726,
0.10930216 0.06310563 -1.9960138, 0.082000464 0.04734299 -1.9977574, 0.054678332 0.03156855 -1.9990032, 0.027342573 0.015786242 -1.9997507, 2.1211505E-16 1.2246469E-16 -2.0" />
        </IndexedLineSet>
      </Shape>
      <Shape >
        <Appearance >
          <Material ambientIntensity="0.2" diffuseColor="0.0 0.0 0.0" emissiveColor="0.0 0.0 1.0" shininess="0.0" specularColor="0.0 0.0 0.0" transparency="0.0" />
          <LineProperties linetype="1" />
        </Appearance>
        <IndexedLineSet coordIndex="0 1 2 3 4 5 6 7 8 9 10 11 12 13 14 15 16 17 18 19 20 21 22 23 24 25 26 27 28 29 30 31 32 33 34 35 36 37 38 39
40 41 42 43 44 45 46 47 48 49 50 51 52 53 54 55 56 57 58 59 60 61 62 63 64 65 66 67 68 69 70 71 72 73 74 75 76 77 78 79
80 81 82 83 84 85 86 87 88 89 90 91 92 93 94 95 96 97 98 99 100 101 102 103 104 105 106 107 108 109 110 111 112 113 114 115 116 117 118 119
120 121 122 123 124 125 126 127 128 129 130 131 132 133 134 135 136 137 138 139 140 141 142 143 144 145 146 147 148 149 150 151 152 153 154 155 156 157 158 159
160 161 162 163 164 165 166 167 168 169 170 171 172 173 174 175 176 177 178 179 180 181 182 183 184 185 186 187 188 189 190 191 192 193 194 195 196 197 198 199
-1 " >
          <Coordinate point="0.0 0.0 2.0, 0.015786242 0.027342573 1.9997507, 0.03156855 0.054678332 1.9990032, 0.04734299 0.082000464 1.9977574, 0.06310563 0.10930216 1.9960138, 0.07885254 0.13657661 1.9937726, 0.09457981 0.16381703 1.9910345, 0.1102835 0.19101663 1.9878004, 0.12595971 0.21816862 1.9840707, 0.14160451 0.24526623 1.9798466, 0.15721405 0.27230272 1.9751291, 0.17278439 0.29927135 1.9699193, 0.18831167 0.32616538 1.9642186, 0.20379202 0.35297814 1.9580284, 0.21922158 0.3797029 1.9513502,
0.2345965 0.40633306 1.9441856, 0.24991296 0.43286195 1.9365367, 0.26516715 0.45928296 1.9284049, 0.28035522 0.4855895 1.9197927, 0.29547346 0.511775 1.9107019, 0.31051803 0.53783303 1.901135, 0.32548523 0.56375694 1.8910942, 0.3403713 0.58954036 1.8805822, 0.35517254 0.6151769 1.8696015, 0.3698853 0.6406601 1.8581549, 0.38450584 0.6659836 1.8462452, 0.39903057 0.6911412 1.8338753, 0.41345584 0.7161265 1.8210484, 0.42777807 0.74093336 1.8077676, 0.44199368 0.7655555 1.7940363,
0.45609915 0.7899869 1.7798579, 0.47009096 0.81422144 1.7652359, 0.4839656 0.838253 1.750174, 0.49771962 0.8620757 1.734676, 0.5113496 0.88568354 1.7187456, 0.52485216 0.9090706 1.7023869, 0.5382239 0.9322311 1.6856037, 0.5514615 0.95515937 1.6684006, 0.56456167 0.97784954 1.6507818, 0.57752115 1.000296 1.6327515, 0.5903367 1.0224931 1.6143142, 0.6030051 1.0444355 1.5954746, 0.6155232 1.0661175 1.5762374, 0.62788796 1.0875338 1.5566075, 0.64009625 1.1086792 1.5365895,
0.65214497 1.1295482 1.5161886, 0.66403115 1.1501356 1.4954098, 0.67575186 1.1704365 1.4742584, 0.68730414 1.1904457 1.4527395, 0.69868517 1.2101582 1.4308586, 0.70989203 1.2295691 1.4086211, 0.720922 1.2486734 1.3860325, 0.73177224 1.2674668 1.3630985, 0.74244016 1.2859441 1.3398247, 0.7529231 1.304101 1.3162171, 0.7632183 1.3219329 1.2922814, 0.77332336 1.3394353 1.2680237, 0.7832356 1.3566039 1.2434499, 0.7929527 1.3734344 1.2185663, 0.80247223 1.3899226 1.1933789,
0.8117917 1.4060645 1.1678942, 0.8209089 1.4218559 1.1421185, 0.82982147 1.4372929 1.116058, 0.83852726 1.4523718 1.0897194, 0.847024 1.4670887 1.0631092, 0.8553097 1.48144 1.036234, 0.8633823 1.495422 1.0091007, 0.87123966 1.5090313 0.9817158, 0.8788799 1.5222646 0.9540863, 0.8863011 1.5351185 0.926219, 0.8935014 1.5475898 0.8981208, 0.900479 1.5596755 0.86979884, 0.9072322 1.5713724 0.84126014, 0.91375935 1.5826776 0.8125117, 0.9200588 1.5935885 0.7835608,
0.92612886 1.6041023 0.7544146, 0.93196815 1.6142162 0.72508043, 0.93757516 1.6239278 0.6955655, 0.9429485 1.6332347 0.6658773, 0.94808686 1.6421345 0.63602304, 0.9529889 1.6506252 0.6060104, 0.95765346 1.6587045 0.5758466, 0.96207935 1.6663704 0.5455394, 0.9662655 1.6736209 0.5150961, 0.9702108 1.6804544 0.48452455, 0.9739143 1.686869 0.4538322, 0.9773751 1.6928633 0.42302677, 0.9805923 1.6984357 0.3921159, 0.98356515 1.7035848 0.3611073, 0.98629284 1.7083093 0.33000872,
0.9887747 1.7126081 0.2988279, 0.9910102 1.71648 0.26757255, 0.9929987 1.7199242 0.23625056, 0.9947397 1.7229397 0.20486969, 0.9962328 1.7255259 0.17343776, 0.99747765 1.727682 0.1419626, 0.9984739 1.7294074 0.11045206, 0.99922127 1.730702 0.078914, 0.9997196 1.7315652 0.047356267, 0.9999688 1.7319969 0.015786733, 0.9999688 1.7319969 -0.015786733, 0.9997196 1.7315652 -0.047356267, 0.99922127 1.730702 -0.078914, 0.9984739 1.7294074 -0.11045206, 0.99747765 1.727682 -0.1419626,
0.9962328 1.7255259 -0.17343776, 0.9947397 1.7229397 -0.20486969, 0.9929987 1.7199242 -0.23625056, 0.9910102 1.71648 -0.26757255, 0.9887747 1.7126081 -0.2988279, 0.98629284 1.7083093 -0.33000872, 0.98356515 1.7035848 -0.3611073, 0.9805923 1.6984357 -0.3921159, 0.9773751 1.6928633 -0.42302677, 0.9739143 1.686869 -0.4538322, 0.9702108 1.6804544 -0.48452455, 0.9662655 1.6736209 -0.5150961, 0.96207935 1.6663704 -0.5455394, 0.95765346 1.6587045 -0.5758466, 0.9529889 1.6506252 -0.6060104,
0.94808686 1.6421345 -0.63602304, 0.9429485 1.6332347 -0.6658773, 0.93757516 1.6239278 -0.6955655, 0.93196815 1.6142162 -0.72508043, 0.92612886 1.6041023 -0.7544146, 0.9200588 1.5935885 -0.7835608, 0.91375935 1.5826776 -0.8125117, 0.9072322 1.5713724 -0.84126014, 0.900479 1.5596755 -0.86979884, 0.8935014 1.5475898 -0.8981208, 0.8863011 1.5351185 -0.926219, 0.8788799 1.5222646 -0.9540863, 0.87123966 1.5090313 -0.9817158, 0.8633823 1.495422 -1.0091007, 0.8553097 1.48144 -1.036234,
0.847024 1.4670887 -1.0631092, 0.83852726 1.4523718 -1.0897194, 0.82982147 1.4372929 -1.116058, 0.8209089 1.4218559 -1.1421185, 0.8117917 1.4060645 -1.1678942, 0.80247223 1.3899226 -1.1933789, 0.7929527 1.3734344 -1.2185663, 0.7832356 1.3566039 -1.2434499, 0.77332336 1.3394353 -1.2680237, 0.7632183 1.3219329 -1.2922814, 0.7529231 1.304101 -1.3162171, 0.74244016 1.2859441 -1.3398247, 0.73177224 1.2674668 -1.3630985, 0.720922 1.2486734 -1.3860325, 0.70989203 1.2295691 -1.4086211,
0.69868517 1.2101582 -1.4308586, 0.68730414 1.1904457 -1.4527395, 0.67575186 1.1704365 -1.4742584, 0.66403115 1.1501356 -1.4954098, 0.65214497 1.1295482 -1.5161886, 0.64009625 1.1086792 -1.5365895, 0.62788796 1.0875338 -1.5566075, 0.6155232 1.0661175 -1.5762374, 0.6030051 1.0444355 -1.5954746, 0.5903367 1.0224931 -1.6143142, 0.57752115 1.000296 -1.6327515, 0.56456167 0.97784954 -1.6507818, 0.5514615 0.95515937 -1.6684006, 0.5382239 0.9322311 -1.6856037, 0.52485216 0.9090706 -1.7023869,
0.5113496 0.88568354 -1.7187456, 0.49771962 0.8620757 -1.734676, 0.4839656 0.838253 -1.750174, 0.47009096 0.81422144 -1.7652359, 0.45609915 0.7899869 -1.7798579, 0.44199368 0.7655555 -1.7940363, 0.42777807 0.74093336 -1.8077676, 0.41345584 0.7161265 -1.8210484, 0.39903057 0.6911412 -1.8338753, 0.38450584 0.6659836 -1.8462452, 0.3698853 0.6406601 -1.8581549, 0.35517254 0.6151769 -1.8696015, 0.3403713 0.58954036 -1.8805822, 0.32548523 0.56375694 -1.8910942, 0.31051803 0.53783303 -1.901135,
0.29547346 0.511775 -1.9107019, 0.28035522 0.4855895 -1.9197927, 0.26516715 0.45928296 -1.9284049, 0.24991296 0.43286195 -1.9365367, 0.2345965 0.40633306 -1.9441856, 0.21922158 0.3797029 -1.9513502, 0.20379202 0.35297814 -1.9580284, 0.18831167 0.32616538 -1.9642186, 0.17278439 0.29927135 -1.9699193, 0.15721405 0.27230272 -1.9751291, 0.14160451 0.24526623 -1.9798466, 0.12595971 0.21816862 -1.9840707, 0.1102835 0.19101663 -1.9878004, 0.09457981 0.16381703 -1.9910345, 0.07885254 0.13657661 -1.9937726,
0.06310563 0.10930216 -1.9960138, 0.04734299 0.082000464 -1.9977574, 0.03156855 0.054678332 -1.9990032, 0.015786242 0.027342573 -1.9997507, 1.2246469E-16 2.1211505E-16 -2.0" />
        </IndexedLineSet>
      </Shape>
      <Shape >
        <Appearance >
          <Material ambientIntensity="0.2" diffuseColor="0.0 0.0 0.0" emissiveColor="0.0 0.0 1.0" shininess="0.0" specularColor="0.0 0.0 0.0" transparency="0.0" />
          <LineProperties linetype="1" />
        </Appearance>
        <IndexedLineSet coordIndex="0 1 2 3 4 5 6 7 8 9 10 11 12 13 14 15 16 17 18 19 20 21 22 23 24 25 26 27 28 29 30 31 32 33 34 35 36 37 38 39
40 41 42 43 44 45 46 47 48 49 50 51 52 53 54 55 56 57 58 59 60 61 62 63 64 65 66 67 68 69 70 71 72 73 74 75 76 77 78 79
80 81 82 83 84 85 86 87 88 89 90 91 92 93 94 95 96 97 98 99 100 101 102 103 104 105 106 107 108 109 110 111 112 113 114 115 116 117 118 119
120 121 122 123 124 125 126 127 128 129 130 131 132 133 134 135 136 137 138 139 140 141 142 143 144 145 146 147 148 149 150 151 152 153 154 155 156 157 158 159
160 161 162 163 164 165 166 167 168 169 170 171 172 173 174 175 176 177 178 179 180 181 182 183 184 185 186 187 188 189 190 191 192 193 194 195 196 197 198 199
-1 " >
          <Coordinate point="0.0 0.0 2.0, 0.0 0.031572483 1.9997507, 0.0 0.0631371 1.9990032, 0.0 0.09468598 1.9977574, 0.0 0.12621126 1.9960138, 0.0 0.15770508 1.9937726, 0.0 0.18915962 1.9910345, 0.0 0.220567 1.9878004, 0.0 0.25191942 1.9840707, 0.0 0.28320903 1.9798466, 0.0 0.3144281 1.9751291, 0.0 0.34556878 1.9699193, 0.0 0.37662333 1.9642186, 0.0 0.40758404 1.9580284, 0.0 0.43844315 1.9513502,
0.0 0.469193 1.9441856, 0.0 0.49982592 1.9365367, 0.0 0.5303343 1.9284049, 0.0 0.56071043 1.9197927, 0.0 0.5909469 1.9107019, 0.0 0.62103605 1.901135, 0.0 0.65097046 1.8910942, 0.0 0.6807426 1.8805822, 0.0 0.7103451 1.8696015, 0.0 0.7397706 1.8581549, 0.0 0.7690117 1.8462452, 0.0 0.79806113 1.8338753, 0.0 0.8269117 1.8210484, 0.0 0.85555613 1.8077676, 0.0 0.88398737 1.7940363,
0.0 0.9121983 1.7798579, 0.0 0.9401819 1.7652359, 0.0 0.9679312 1.750174, 0.0 0.99543923 1.734676, 0.0 1.0226992 1.7187456, 0.0 1.0497043 1.7023869, 0.0 1.0764478 1.6856037, 0.0 1.102923 1.6684006, 0.0 1.1291233 1.6507818, 0.0 1.1550423 1.6327515, 0.0 1.1806734 1.6143142, 0.0 1.2060102 1.5954746, 0.0 1.2310464 1.5762374, 0.0 1.2557759 1.5566075, 0.0 1.2801925 1.5365895,
0.0 1.3042899 1.5161886, 0.0 1.3280623 1.4954098, 0.0 1.3515037 1.4742584, 0.0 1.3746083 1.4527395, 0.0 1.3973703 1.4308586, 0.0 1.4197841 1.4086211, 0.0 1.441844 1.3860325, 0.0 1.4635445 1.3630985, 0.0 1.4848803 1.3398247, 0.0 1.5058461 1.3162171, 0.0 1.5264366 1.2922814, 0.0 1.5466467 1.2680237, 0.0 1.5664712 1.2434499, 0.0 1.5859054 1.2185663, 0.0 1.6049445 1.1933789,
0.0 1.6235834 1.1678942, 0.0 1.6418178 1.1421185, 0.0 1.6596429 1.116058, 0.0 1.6770545 1.0897194, 0.0 1.694048 1.0631092, 0.0 1.7106194 1.036234, 0.0 1.7267646 1.0091007, 0.0 1.7424793 0.9817158, 0.0 1.7577598 0.9540863, 0.0 1.7726022 0.926219, 0.0 1.7870028 0.8981208, 0.0 1.800958 0.86979884, 0.0 1.8144644 0.84126014, 0.0 1.8275187 0.8125117, 0.0 1.8401176 0.7835608,
0.0 1.8522577 0.7544146, 0.0 1.8639363 0.72508043, 0.0 1.8751503 0.6955655, 0.0 1.885897 0.6658773, 0.0 1.8961737 0.63602304, 0.0 1.9059778 0.6060104, 0.0 1.9153069 0.5758466, 0.0 1.9241587 0.5455394, 0.0 1.932531 0.5150961, 0.0 1.9404216 0.48452455, 0.0 1.9478287 0.4538322, 0.0 1.9547502 0.42302677, 0.0 1.9611846 0.3921159, 0.0 1.9671303 0.3611073, 0.0 1.9725857 0.33000872,
0.0 1.9775494 0.2988279, 0.0 1.9820204 0.26757255, 0.0 1.9859974 0.23625056, 0.0 1.9894794 0.20486969, 0.0 1.9924656 0.17343776, 0.0 1.9949553 0.1419626, 0.0 1.9969478 0.11045206, 0.0 1.9984425 0.078914, 0.0 1.9994392 0.047356267, 0.0 1.9999377 0.015786733, 0.0 1.9999377 -0.015786733, 0.0 1.9994392 -0.047356267, 0.0 1.9984425 -0.078914, 0.0 1.9969478 -0.11045206, 0.0 1.9949553 -0.1419626,
0.0 1.9924656 -0.17343776, 0.0 1.9894794 -0.20486969, 0.0 1.9859974 -0.23625056, 0.0 1.9820204 -0.26757255, 0.0 1.9775494 -0.2988279, 0.0 1.9725857 -0.33000872, 0.0 1.9671303 -0.3611073, 0.0 1.9611846 -0.3921159, 0.0 1.9547502 -0.42302677, 0.0 1.9478287 -0.4538322, 0.0 1.9404216 -0.48452455, 0.0 1.932531 -0.5150961, 0.0 1.9241587 -0.5455394, 0.0 1.9153069 -0.5758466, 0.0 1.9059778 -0.6060104,
0.0 1.8961737 -0.63602304, 0.0 1.885897 -0.6658773, 0.0 1.8751503 -0.6955655, 0.0 1.8639363 -0.72508043, 0.0 1.8522577 -0.7544146, 0.0 1.8401176 -0.7835608, 0.0 1.8275187 -0.8125117, 0.0 1.8144644 -0.84126014, 0.0 1.800958 -0.86979884, 0.0 1.7870028 -0.8981208, 0.0 1.7726022 -0.926219, 0.0 1.7577598 -0.9540863, 0.0 1.7424793 -0.9817158, 0.0 1.7267646 -1.0091007, 0.0 1.7106194 -1.036234,
0.0 1.694048 -1.0631092, 0.0 1.6770545 -1.0897194, 0.0 1.6596429 -1.116058, 0.0 1.6418178 -1.1421185, 0.0 1.6235834 -1.1678942, 0.0 1.6049445 -1.1933789, 0.0 1.5859054 -1.2185663, 0.0 1.5664712 -1.2434499, 0.0 1.5466467 -1.2680237, 0.0 1.5264366 -1.2922814, 0.0 1.5058461 -1.3162171, 0.0 1.4848803 -1.3398247, 0.0 1.4635445 -1.3630985, 0.0 1.441844 -1.3860325, 0.0 1.4197841 -1.4086211,
0.0 1.3973703 -1.4308586, 0.0 1.3746083 -1.4527395, 0.0 1.3515037 -1.4742584, 0.0 1.3280623 -1.4954098, 0.0 1.3042899 -1.5161886, 0.0 1.2801925 -1.5365895, 0.0 1.2557759 -1.5566075, 0.0 1.2310464 -1.5762374, 0.0 1.2060102 -1.5954746, 0.0 1.1806734 -1.6143142, 0.0 1.1550423 -1.6327515, 0.0 1.1291233 -1.6507818, 0.0 1.102923 -1.6684006, 0.0 1.0764478 -1.6856037, 0.0 1.0497043 -1.7023869,
0.0 1.0226992 -1.7187456, 0.0 0.99543923 -1.734676, 0.0 0.9679312 -1.750174, 0.0 0.9401819 -1.7652359, 0.0 0.9121983 -1.7798579, 0.0 0.88398737 -1.7940363, 0.0 0.85555613 -1.8077676, 0.0 0.8269117 -1.8210484, 0.0 0.79806113 -1.8338753, 0.0 0.7690117 -1.8462452, 0.0 0.7397706 -1.8581549, 0.0 0.7103451 -1.8696015, 0.0 0.6807426 -1.8805822, 0.0 0.65097046 -1.8910942, 0.0 0.62103605 -1.901135,
0.0 0.5909469 -1.9107019, 0.0 0.56071043 -1.9197927, 0.0 0.5303343 -1.9284049, 0.0 0.49982592 -1.9365367, 0.0 0.469193 -1.9441856, 0.0 0.43844315 -1.9513502, 0.0 0.40758404 -1.9580284, 0.0 0.37662333 -1.9642186, 0.0 0.34556878 -1.9699193, 0.0 0.3144281 -1.9751291, 0.0 0.28320903 -1.9798466, 0.0 0.25191942 -1.9840707, 0.0 0.220567 -1.9878004, 0.0 0.18915962 -1.9910345, 0.0 0.15770508 -1.9937726,
0.0 0.12621126 -1.9960138, 0.0 0.09468598 -1.9977574, 0.0 0.0631371 -1.9990032, 0.0 0.031572483 -1.9997507, 0.0 2.4492937E-16 -2.0" />
        </IndexedLineSet>
      </Shape>
      <Shape >
        <Appearance >
          <Material ambientIntensity="0.2" diffuseColor="0.0 0.0 0.0" emissiveColor="0.0 0.0 1.0" shininess="0.0" specularColor="0.0 0.0 0.0" transparency="0.0" />
          <LineProperties linetype="1" />
        </Appearance>
        <IndexedLineSet coordIndex="0 1 2 3 4 5 6 7 8 9 10 11 12 13 14 15 16 17 18 19 20 21 22 23 24 25 26 27 28 29 30 31 32 33 34 35 36 37 38 39
40 41 42 43 44 45 46 47 48 49 50 51 52 53 54 55 56 57 58 59 60 61 62 63 64 65 66 67 68 69 70 71 72 73 74 75 76 77 78 79
80 81 82 83 84 85 86 87 88 89 90 91 92 93 94 95 96 97 98 99 100 101 102 103 104 105 106 107 108 109 110 111 112 113 114 115 116 117 118 119
120 121 122 123 124 125 126 127 128 129 130 131 132 133 134 135 136 137 138 139 140 141 142 143 144 145 146 147 148 149 150 151 152 153 154 155 156 157 158 159
160 161 162 163 164 165 166 167 168 169 170 171 172 173 174 175 176 177 178 179 180 181 182 183 184 185 186 187 188 189 190 191 192 193 194 195 196 197 198 199
-1 " >
          <Coordinate point="-0.0 0.0 2.0, -0.015786242 0.027342573 1.9997507, -0.03156855 0.054678332 1.9990032, -0.04734299 0.082000464 1.9977574, -0.06310563 0.10930216 1.9960138, -0.07885254 0.13657661 1.9937726, -0.09457981 0.16381703 1.9910345, -0.1102835 0.19101663 1.9878004, -0.12595971 0.21816862 1.9840707, -0.14160451 0.24526623 1.9798466, -0.15721405 0.27230272 1.9751291, -0.17278439 0.29927135 1.9699193, -0.18831167 0.32616538 1.9642186, -0.20379202 0.35297814 1.9580284, -0.21922158 0.3797029 1.9513502,
-0.2345965 0.40633306 1.9441856, -0.24991296 0.43286195 1.9365367, -0.26516715 0.45928296 1.9284049, -0.28035522 0.4855895 1.9197927, -0.29547346 0.511775 1.9107019, -0.31051803 0.53783303 1.901135, -0.32548523 0.56375694 1.8910942, -0.3403713 0.58954036 1.8805822, -0.35517254 0.6151769 1.8696015, -0.3698853 0.6406601 1.8581549, -0.38450584 0.6659836 1.8462452, -0.39903057 0.6911412 1.8338753, -0.41345584 0.7161265 1.8210484, -0.42777807 0.74093336 1.8077676, -0.44199368 0.7655555 1.7940363,
-0.45609915 0.7899869 1.7798579, -0.47009096 0.81422144 1.7652359, -0.4839656 0.838253 1.750174, -0.49771962 0.8620757 1.734676, -0.5113496 0.88568354 1.7187456, -0.52485216 0.9090706 1.7023869, -0.5382239 0.9322311 1.6856037, -0.5514615 0.95515937 1.6684006, -0.56456167 0.97784954 1.6507818, -0.57752115 1.000296 1.6327515, -0.5903367 1.0224931 1.6143142, -0.6030051 1.0444355 1.5954746, -0.6155232 1.0661175 1.5762374, -0.62788796 1.0875338 1.5566075, -0.64009625 1.1086792 1.5365895,
-0.65214497 1.1295482 1.5161886, -0.66403115 1.1501356 1.4954098, -0.67575186 1.1704365 1.4742584, -0.68730414 1.1904457 1.4527395, -0.69868517 1.2101582 1.4308586, -0.70989203 1.2295691 1.4086211, -0.720922 1.2486734 1.3860325, -0.73177224 1.2674668 1.3630985, -0.74244016 1.2859441 1.3398247, -0.7529231 1.304101 1.3162171, -0.7632183 1.3219329 1.2922814, -0.77332336 1.3394353 1.2680237, -0.7832356 1.3566039 1.2434499, -0.7929527 1.3734344 1.2185663, -0.80247223 1.3899226 1.1933789,
-0.8117917 1.4060645 1.1678942, -0.8209089 1.4218559 1.1421185, -0.82982147 1.4372929 1.116058, -0.83852726 1.4523718 1.0897194, -0.847024 1.4670887 1.0631092, -0.8553097 1.48144 1.036234, -0.8633823 1.495422 1.0091007, -0.87123966 1.5090313 0.9817158, -0.8788799 1.5222646 0.9540863, -0.8863011 1.5351185 0.926219, -0.8935014 1.5475898 0.8981208, -0.900479 1.5596755 0.86979884, -0.9072322 1.5713724 0.84126014, -0.91375935 1.5826776 0.8125117, -0.9200588 1.5935885 0.7835608,
-0.92612886 1.6041023 0.7544146, -0.93196815 1.6142162 0.72508043, -0.93757516 1.6239278 0.6955655, -0.9429485 1.6332347 0.6658773, -0.94808686 1.6421345 0.63602304, -0.9529889 1.6506252 0.6060104, -0.95765346 1.6587045 0.5758466, -0.96207935 1.6663704 0.5455394, -0.9662655 1.6736209 0.5150961, -0.9702108 1.6804544 0.48452455, -0.9739143 1.686869 0.4538322, -0.9773751 1.6928633 0.42302677, -0.9805923 1.6984357 0.3921159, -0.98356515 1.7035848 0.3611073, -0.98629284 1.7083093 0.33000872,
-0.9887747 1.7126081 0.2988279, -0.9910102 1.71648 0.26757255, -0.9929987 1.7199242 0.23625056, -0.9947397 1.7229397 0.20486969, -0.9962328 1.7255259 0.17343776, -0.99747765 1.727682 0.1419626, -0.9984739 1.7294074 0.11045206, -0.99922127 1.730702 0.078914, -0.9997196 1.7315652 0.047356267, -0.9999688 1.7319969 0.015786733, -0.9999688 1.7319969 -0.015786733, -0.9997196 1.7315652 -0.047356267, -0.99922127 1.730702 -0.078914, -0.9984739 1.7294074 -0.11045206, -0.99747765 1.727682 -0.1419626,
-0.9962328 1.7255259 -0.17343776, -0.9947397 1.7229397 -0.20486969, -0.9929987 1.7199242 -0.23625056, -0.9910102 1.71648 -0.26757255, -0.9887747 1.7126081 -0.2988279, -0.98629284 1.7083093 -0.33000872, -0.98356515 1.7035848 -0.3611073, -0.9805923 1.6984357 -0.3921159, -0.9773751 1.6928633 -0.42302677, -0.9739143 1.686869 -0.4538322, -0.9702108 1.6804544 -0.48452455, -0.9662655 1.6736209 -0.5150961, -0.96207935 1.6663704 -0.5455394, -0.95765346 1.6587045 -0.5758466, -0.9529889 1.6506252 -0.6060104,
-0.94808686 1.6421345 -0.63602304, -0.9429485 1.6332347 -0.6658773, -0.93757516 1.6239278 -0.6955655, -0.93196815 1.6142162 -0.72508043, -0.92612886 1.6041023 -0.7544146, -0.9200588 1.5935885 -0.7835608, -0.91375935 1.5826776 -0.8125117, -0.9072322 1.5713724 -0.84126014, -0.900479 1.5596755 -0.86979884, -0.8935014 1.5475898 -0.8981208, -0.8863011 1.5351185 -0.926219, -0.8788799 1.5222646 -0.9540863, -0.87123966 1.5090313 -0.9817158, -0.8633823 1.495422 -1.0091007, -0.8553097 1.48144 -1.036234,
-0.847024 1.4670887 -1.0631092, -0.83852726 1.4523718 -1.0897194, -0.82982147 1.4372929 -1.116058, -0.8209089 1.4218559 -1.1421185, -0.8117917 1.4060645 -1.1678942, -0.80247223 1.3899226 -1.1933789, -0.7929527 1.3734344 -1.2185663, -0.7832356 1.3566039 -1.2434499, -0.77332336 1.3394353 -1.2680237, -0.7632183 1.3219329 -1.2922814, -0.7529231 1.304101 -1.3162171, -0.74244016 1.2859441 -1.3398247, -0.73177224 1.2674668 -1.3630985, -0.720922 1.2486734 -1.3860325, -0.70989203 1.2295691 -1.4086211,
-0.69868517 1.2101582 -1.4308586, -0.68730414 1.1904457 -1.4527395, -0.67575186 1.1704365 -1.4742584, -0.66403115 1.1501356 -1.4954098, -0.65214497 1.1295482 -1.5161886, -0.64009625 1.1086792 -1.5365895, -0.62788796 1.0875338 -1.5566075, -0.6155232 1.0661175 -1.5762374, -0.6030051 1.0444355 -1.5954746, -0.5903367 1.0224931 -1.6143142, -0.57752115 1.000296 -1.6327515, -0.56456167 0.97784954 -1.6507818, -0.5514615 0.95515937 -1.6684006, -0.5382239 0.9322311 -1.6856037, -0.52485216 0.9090706 -1.7023869,
-0.5113496 0.88568354 -1.7187456, -0.49771962 0.8620757 -1.734676, -0.4839656 0.838253 -1.750174, -0.47009096 0.81422144 -1.7652359, -0.45609915 0.7899869 -1.7798579, -0.44199368 0.7655555 -1.7940363, -0.42777807 0.74093336 -1.8077676, -0.41345584 0.7161265 -1.8210484, -0.39903057 0.6911412 -1.8338753, -0.38450584 0.6659836 -1.8462452, -0.3698853 0.6406601 -1.8581549, -0.35517254 0.6151769 -1.8696015, -0.3403713 0.58954036 -1.8805822, -0.32548523 0.56375694 -1.8910942, -0.31051803 0.53783303 -1.901135,
-0.29547346 0.511775 -1.9107019, -0.28035522 0.4855895 -1.9197927, -0.26516715 0.45928296 -1.9284049, -0.24991296 0.43286195 -1.9365367, -0.2345965 0.40633306 -1.9441856, -0.21922158 0.3797029 -1.9513502, -0.20379202 0.35297814 -1.9580284, -0.18831167 0.32616538 -1.9642186, -0.17278439 0.29927135 -1.9699193, -0.15721405 0.27230272 -1.9751291, -0.14160451 0.24526623 -1.9798466, -0.12595971 0.21816862 -1.9840707, -0.1102835 0.19101663 -1.9878004, -0.09457981 0.16381703 -1.9910345, -0.07885254 0.13657661 -1.9937726,
-0.06310563 0.10930216 -1.9960138, -0.04734299 0.082000464 -1.9977574, -0.03156855 0.054678332 -1.9990032, -0.015786242 0.027342573 -1.9997507, -1.2246469E-16 2.1211505E-16 -2.0" />
        </IndexedLineSet>
      </Shape>
      <Shape >
        <Appearance >
          <Material ambientIntensity="0.2" diffuseColor="0.0 0.0 0.0" emissiveColor="0.0 0.0 1.0" shininess="0.0" specularColor="0.0 0.0 0.0" transparency="0.0" />
          <LineProperties linetype="1" />
        </Appearance>
        <IndexedLineSet coordIndex="0 1 2 3 4 5 6 7 8 9 10 11 12 13 14 15 16 17 18 19 20 21 22 23 24 25 26 27 28 29 30 31 32 33 34 35 36 37 38 39
40 41 42 43 44 45 46 47 48 49 50 51 52 53 54 55 56 57 58 59 60 61 62 63 64 65 66 67 68 69 70 71 72 73 74 75 76 77 78 79
80 81 82 83 84 85 86 87 88 89 90 91 92 93 94 95 96 97 98 99 100 101 102 103 104 105 106 107 108 109 110 111 112 113 114 115 116 117 118 119
120 121 122 123 124 125 126 127 128 129 130 131 132 133 134 135 136 137 138 139 140 141 142 143 144 145 146 147 148 149 150 151 152 153 154 155 156 157 158 159
160 161 162 163 164 165 166 167 168 169 170 171 172 173 174 175 176 177 178 179 180 181 182 183 184 185 186 187 188 189 190 191 192 193 194 195 196 197 198 199
-1 " >
          <Coordinate point="-0.0 0.0 2.0, -0.027342573 0.015786242 1.9997507, -0.054678332 0.03156855 1.9990032, -0.082000464 0.04734299 1.9977574, -0.10930216 0.06310563 1.9960138, -0.13657661 0.07885254 1.9937726, -0.16381703 0.09457981 1.9910345, -0.19101663 0.1102835 1.9878004, -0.21816862 0.12595971 1.9840707, -0.24526623 0.14160451 1.9798466, -0.27230272 0.15721405 1.9751291, -0.29927135 0.17278439 1.9699193, -0.32616538 0.18831167 1.9642186, -0.35297814 0.20379202 1.9580284, -0.3797029 0.21922158 1.9513502,
-0.40633306 0.2345965 1.9441856, -0.43286195 0.24991296 1.9365367, -0.45928296 0.26516715 1.9284049, -0.4855895 0.28035522 1.9197927, -0.511775 0.29547346 1.9107019, -0.53783303 0.31051803 1.901135, -0.56375694 0.32548523 1.8910942, -0.58954036 0.3403713 1.8805822, -0.6151769 0.35517254 1.8696015, -0.6406601 0.3698853 1.8581549, -0.6659836 0.38450584 1.8462452, -0.6911412 0.39903057 1.8338753, -0.7161265 0.41345584 1.8210484, -0.74093336 0.42777807 1.8077676, -0.7655555 0.44199368 1.7940363,
-0.7899869 0.45609915 1.7798579, -0.81422144 0.47009096 1.7652359, -0.838253 0.4839656 1.750174, -0.8620757 0.49771962 1.734676, -0.88568354 0.5113496 1.7187456, -0.9090706 0.52485216 1.7023869, -0.9322311 0.5382239 1.6856037, -0.95515937 0.5514615 1.6684006, -0.97784954 0.56456167 1.6507818, -1.000296 0.57752115 1.6327515, -1.0224931 0.5903367 1.6143142, -1.0444355 0.6030051 1.5954746, -1.0661175 0.6155232 1.5762374, -1.0875338 0.62788796 1.5566075, -1.1086792 0.64009625 1.5365895,
-1.1295482 0.65214497 1.5161886, -1.1501356 0.66403115 1.4954098, -1.1704365 0.67575186 1.4742584, -1.1904457 0.68730414 1.4527395, -1.2101582 0.69868517 1.4308586, -1.2295691 0.70989203 1.4086211, -1.2486734 0.720922 1.3860325, -1.2674668 0.73177224 1.3630985, -1.2859441 0.74244016 1.3398247, -1.304101 0.7529231 1.3162171, -1.3219329 0.7632183 1.2922814, -1.3394353 0.77332336 1.2680237, -1.3566039 0.7832356 1.2434499, -1.3734344 0.7929527 1.2185663, -1.3899226 0.80247223 1.1933789,
-1.4060645 0.8117917 1.1678942, -1.4218559 0.8209089 1.1421185, -1.4372929 0.82982147 1.116058, -1.4523718 0.83852726 1.0897194, -1.4670887 0.847024 1.0631092, -1.48144 0.8553097 1.036234, -1.495422 0.8633823 1.0091007, -1.5090313 0.87123966 0.9817158, -1.5222646 0.8788799 0.9540863, -1.5351185 0.8863011 0.926219, -1.5475898 0.8935014 0.8981208, -1.5596755 0.900479 0.86979884, -1.5713724 0.9072322 0.84126014, -1.5826776 0.91375935 0.8125117, -1.5935885 0.9200588 0.7835608,
