<?xml version="1.0" encoding="UTF-8"?>
<!DOCTYPE X3D PUBLIC "ISO//Web3D//DTD X3D 3.0//EN"   "http://www.web3d.org/specifications/x3d-3.0.dtd">
<X3D profile="Immersive">
  <head>
    <meta name="description" content="*enter description here, short-sentence summaries preferred*"/>
    <meta name="created"    content="29 June 2022"/>
    <meta name="revised"    content="29 June 2022"/>
    <meta name="generator" content="Maple, http://www.maplesoft.com/"/>
  </head>
  <Scene>
  <NavigationInfo headlight="false" type='"EXAMINE" "WALK" "ANY" ' />
  <Background skyColor="1.0 1.0 1.0" />
  <Transform rotation="0.0 0.0 1.0 0.34508246" >
    <Transform rotation="0.0 1.0 0.0 1.3089889" >
      <Transform rotation="1.0 0.0 0.0 -0.015587625" >
        <Transform rotation="0.0 0.0 1.0 1.5707964" >
          <Viewpoint position="0.0 0.0 700" fieldOfView="0.034987357" />
        </Transform>
      </Transform>
    </Transform>
  </Transform>
  <Transform scale="1.6666666 1.6666666 6.6666665" translation="0.0 0.0 0.0" >
    <Transform scale="1.0 1.0 1.0" translation="-0.0 -0.0 -1.5" >
      <Shape >
        <Appearance >
          <Material ambientIntensity="0.2" diffuseColor="0.0 0.0 0.0" emissiveColor="1.0 0.0 0.0" shininess="0.0" specularColor="0.0 0.0 0.0" transparency="0.0" />
          <LineProperties linetype="1" />
        </Appearance>
        <IndexedLineSet coordIndex="0 1 2 3 4 5 6 7 8 9 10 11 12 13 14 15 16 17 18 19 20 21 22 23 24 25 26 27 28 29 30 31 32 33 34 35 36 37 38 39
40 41 42 43 44 45 46 47 48 49 50 51 52 53 54 55 56 57 58 59 60 61 62 63 64 65 66 67 68 69 70 71 72 73 74 75 76 77 78 79
80 81 82 83 84 85 86 87 88 89 90 91 92 93 94 95 96 97 98 99 100 101 102 103 104 105 106 107 108 109 110 111 112 113 114 115 116 117 118 119
120 121 122 123 124 125 126 127 128 129 130 131 132 133 134 135 136 137 138 139 140 141 142 143 144 145 146 147 148 149 150 151 152 153 154 155 156 157 158 159
160 161 162 163 164 165 166 167 168 169 170 171 172 173 174 175 176 177 178 179 180 181 182 183 184 185 186 187 188 189 190 191 192 193 194 195 196 197 198 199
-1 " >
          <Coordinate point="0.0 0.0 0.0, 0.026111318 0.015075377 0.0, 0.052222636 0.030150754 0.0, 0.07833396 0.04522613 0.0, 0.10444527 0.06030151 0.0, 0.1305566 0.07537688 0.0, 0.15666792 0.09045226 0.0, 0.18277924 0.10552764 0.0, 0.20889054 0.12060302 0.0, 0.23500186 0.1356784 0.0, 0.2611132 0.15075377 0.0, 0.2872245 0.16582915 0.0, 0.31333584 0.18090452 0.0, 0.33944714 0.1959799 0.0, 0.36555848 0.21105528 0.0,
0.39166978 0.22613065 0.0, 0.41778108 0.24120604 0.0, 0.44389242 0.2562814 0.0, 0.47000372 0.2713568 0.0, 0.49611506 0.28643215 0.0, 0.5222264 0.30150753 0.0, 0.5483377 0.31658292 0.0, 0.574449 0.3316583 0.0, 0.6005603 0.34673366 0.0, 0.6266717 0.36180905 0.0, 0.652783 0.37688443 0.0, 0.6788943 0.3919598 0.0, 0.7050056 0.40703517 0.0, 0.73111695 0.42211056 0.0, 0.75722826 0.43718594 0.0,
0.78333956 0.4522613 0.0, 0.80945086 0.46733668 0.0, 0.83556217 0.48241207 0.0, 0.86167353 0.49748743 0.0, 0.88778484 0.5125628 0.0, 0.91389614 0.5276382 0.0, 0.94000745 0.5427136 0.0, 0.9661188 0.55778897 0.0, 0.9922301 0.5728643 0.0, 1.0183414 0.5879397 0.0, 1.0444528 0.60301507 0.0, 1.070564 0.61809045 0.0, 1.0966754 0.63316584 0.0, 1.1227868 0.6482412 0.0, 1.148898 0.6633166 0.0,
1.1750094 0.67839193 0.0, 1.2011206 0.6934673 0.0, 1.227232 0.7085427 0.0, 1.2533433 0.7236181 0.0, 1.2794546 0.7386935 0.0, 1.305566 0.75376886 0.0, 1.3316772 0.76884425 0.0, 1.3577886 0.7839196 0.0, 1.3838999 0.79899496 0.0, 1.4100112 0.81407034 0.0, 1.4361225 0.8291457 0.0, 1.4622339 0.8442211 0.0, 1.4883451 0.8592965 0.0, 1.5144565 0.8743719 0.0, 1.5405678 0.8894472 0.0,
1.5666791 0.9045226 0.0, 1.5927905 0.919598 0.0, 1.6189017 0.93467337 0.0, 1.6450131 0.94974875 0.0, 1.6711243 0.96482414 0.0, 1.6972357 0.9798995 0.0, 1.7233471 0.99497485 0.0, 1.7494583 1.0100503 0.0, 1.7755697 1.0251256 0.0, 1.801681 1.040201 0.0, 1.8277923 1.0552764 0.0, 1.8539037 1.0703517 0.0, 1.8800149 1.0854272 0.0, 1.9061263 1.1005025 0.0, 1.9322376 1.1155779 0.0,
1.9583489 1.1306533 0.0, 1.9844602 1.1457286 0.0, 2.0105715 1.160804 0.0, 2.0366828 1.1758794 0.0, 2.0627942 1.1909548 0.0, 2.0889056 1.2060301 0.0, 2.1150167 1.2211056 0.0, 2.141128 1.2361809 0.0, 2.1672394 1.2512562 0.0, 2.1933508 1.2663317 0.0, 2.2194622 1.281407 0.0, 2.2455735 1.2964824 0.0, 2.2716846 1.3115578 0.0, 2.297796 1.3266332 0.0, 2.3239074 1.3417085 0.0,
2.3500187 1.3567839 0.0, 2.37613 1.3718593 0.0, 2.4022412 1.3869346 0.0, 2.4283526 1.4020101 0.0, 2.454464 1.4170854 0.0, 2.4805753 1.4321609 0.0, 2.5066867 1.4472362 0.0, 2.5327978 1.4623115 0.0, 2.5589092 1.477387 0.0, 2.5850205 1.4924623 0.0, 2.611132 1.5075377 0.0, 2.6372433 1.522613 0.0, 2.6633544 1.5376885 0.0, 2.6894658 1.5527638 0.0, 2.7155771 1.5678391 0.0,
2.7416885 1.5829146 0.0, 2.7677999 1.5979899 0.0, 2.7939112 1.6130654 0.0, 2.8200223 1.6281407 0.0, 2.8461337 1.6432161 0.0, 2.872245 1.6582915 0.0, 2.8983564 1.6733668 0.0, 2.9244678 1.6884422 0.0, 2.950579 1.7035176 0.0, 2.9766903 1.718593 0.0, 3.0028017 1.7336683 0.0, 3.028913 1.7487438 0.0, 3.0550244 1.7638191 0.0, 3.0811355 1.7788944 0.0, 3.1072469 1.7939699 0.0,
3.1333582 1.8090452 0.0, 3.1594696 1.8241206 0.0, 3.185581 1.839196 0.0, 3.211692 1.8542714 0.0, 3.2378035 1.8693467 0.0, 3.2639148 1.8844221 0.0, 3.2900262 1.8994975 0.0, 3.3161376 1.9145728 0.0, 3.3422487 1.9296483 0.0, 3.36836 1.9447236 0.0, 3.3944714 1.959799 0.0, 3.4205828 1.9748744 0.0, 3.4466941 1.9899497 0.0, 3.4728055 2.0050251 0.0, 3.4989166 2.0201006 0.0,
3.525028 2.0351758 0.0, 3.5511394 2.0502512 0.0, 3.5772507 2.0653267 0.0, 3.603362 2.080402 0.0, 3.6294732 2.0954773 0.0, 3.6555846 2.1105528 0.0, 3.681696 2.1256282 0.0, 3.7078073 2.1407034 0.0, 3.7339187 2.155779 0.0, 3.7600298 2.1708543 0.0, 3.7861412 2.1859295 0.0, 3.8122525 2.201005 0.0, 3.838364 2.2160804 0.0, 3.8644753 2.2311559 0.0, 3.8905864 2.246231 0.0,
3.9166977 2.2613065 0.0, 3.942809 2.276382 0.0, 3.9689205 2.2914572 0.0, 3.9950318 2.3065326 0.0, 4.021143 2.321608 0.0, 4.0472546 2.3366835 0.0, 4.0733657 2.3517587 0.0, 4.099477 2.3668342 0.0, 4.1255884 2.3819096 0.0, 4.1516995 2.3969848 0.0, 4.177811 2.4120603 0.0, 4.2039223 2.4271357 0.0, 4.2300334 2.4422112 0.0, 4.256145 2.4572864 0.0, 4.282256 2.4723618 0.0,
4.3083677 2.4874372 0.0, 4.334479 2.5025125 0.0, 4.3605905 2.517588 0.0, 4.3867016 2.5326633 0.0, 4.4128127 2.5477388 0.0, 4.4389243 2.562814 0.0, 4.4650354 2.5778894 0.0, 4.491147 2.592965 0.0, 4.517258 2.60804 0.0, 4.5433693 2.6231155 0.0, 4.569481 2.638191 0.0, 4.595592 2.6532664 0.0, 4.6217036 2.6683416 0.0, 4.6478148 2.683417 0.0, 4.673926 2.6984925 0.0,
4.7000375 2.7135677 0.0, 4.7261486 2.7286432 0.0, 4.75226 2.7437186 0.0, 4.7783713 2.758794 0.0, 4.8044825 2.7738693 0.0, 4.830594 2.7889447 0.0, 4.856705 2.8040202 0.0, 4.882817 2.8190954 0.0, 4.908928 2.8341708 0.0, 4.935039 2.8492463 0.0, 4.9611506 2.8643217 0.0, 4.987262 2.879397 0.0, 5.0133734 2.8944724 0.0, 5.0394845 2.9095478 0.0, 5.0655956 2.924623 0.0,
5.091707 2.9396985 0.0, 5.1178184 2.954774 0.0, 5.14393 2.9698493 0.0, 5.170041 2.9849246 0.0, 5.196152 3.0 0.0" />
        </IndexedLineSet>
      </Shape>
      <Shape >
        <Appearance >
          <Material ambientIntensity="0.2" diffuseColor="0.0 0.0 0.0" emissiveColor="1.0 0.0 0.0" shininess="0.0" specularColor="0.0 0.0 0.0" transparency="0.0" />
          <LineProperties linetype="1" />
        </Appearance>
        <IndexedLineSet coordIndex="0 1 2 3 4 5 6 7 8 9 10 11 12 13 14 15 16 17 18 19 20 21 22 23 24 25 26 27 28 29 30 31 32 33 34 35 36 37 38 39
40 41 42 43 44 45 46 47 48 49 50 51 52 53 54 55 56 57 58 59 60 61 62 63 64 65 66 67 68 69 70 71 72 73 74 75 76 77 78 79
80 81 82 83 84 85 86 87 88 89 90 91 92 93 94 95 96 97 98 99 100 101 102 103 104 105 106 107 108 109 110 111 112 113 114 115 116 117 118 119
120 121 122 123 124 125 126 127 128 129 130 131 132 133 134 135 136 137 138 139 140 141 142 143 144 145 146 147 148 149 150 151 152 153 154 155 156 157 158 159
160 161 162 163 164 165 166 167 168 169 170 171 172 173 174 175 176 177 178 179 180 181 182 183 184 185 186 187 188 189 190 191 192 193 194 195 196 197 198 199
-1 " >
          <Coordinate point="0.0 0.0 0.0, 0.015075377 0.026111318 0.0, 0.030150754 0.052222636 0.0, 0.04522613 0.07833396 0.0, 0.06030151 0.10444527 0.0, 0.07537688 0.1305566 0.0, 0.09045226 0.15666792 0.0, 0.10552764 0.18277924 0.0, 0.12060302 0.20889054 0.0, 0.1356784 0.23500186 0.0, 0.15075377 0.2611132 0.0, 0.16582915 0.2872245 0.0, 0.18090452 0.31333584 0.0, 0.1959799 0.33944714 0.0, 0.21105528 0.36555848 0.0,
0.22613065 0.39166978 0.0, 0.24120604 0.41778108 0.0, 0.2562814 0.44389242 0.0, 0.2713568 0.47000372 0.0, 0.28643215 0.49611506 0.0, 0.30150753 0.5222264 0.0, 0.31658292 0.5483377 0.0, 0.3316583 0.574449 0.0, 0.34673366 0.6005603 0.0, 0.36180905 0.6266717 0.0, 0.37688443 0.652783 0.0, 0.3919598 0.6788943 0.0, 0.40703517 0.7050056 0.0, 0.42211056 0.73111695 0.0, 0.43718594 0.75722826 0.0,
0.4522613 0.78333956 0.0, 0.46733668 0.80945086 0.0, 0.48241207 0.83556217 0.0, 0.49748743 0.86167353 0.0, 0.5125628 0.88778484 0.0, 0.5276382 0.91389614 0.0, 0.5427136 0.94000745 0.0, 0.55778897 0.9661188 0.0, 0.5728643 0.9922301 0.0, 0.5879397 1.0183414 0.0, 0.60301507 1.0444528 0.0, 0.61809045 1.070564 0.0, 0.63316584 1.0966754 0.0, 0.6482412 1.1227868 0.0, 0.6633166 1.148898 0.0,
0.67839193 1.1750094 0.0, 0.6934673 1.2011206 0.0, 0.7085427 1.227232 0.0, 0.7236181 1.2533433 0.0, 0.7386935 1.2794546 0.0, 0.75376886 1.305566 0.0, 0.76884425 1.3316772 0.0, 0.7839196 1.3577886 0.0, 0.79899496 1.3838999 0.0, 0.81407034 1.4100112 0.0, 0.8291457 1.4361225 0.0, 0.8442211 1.4622339 0.0, 0.8592965 1.4883451 0.0, 0.8743719 1.5144565 0.0, 0.8894472 1.5405678 0.0,
0.9045226 1.5666791 0.0, 0.919598 1.5927905 0.0, 0.93467337 1.6189017 0.0, 0.94974875 1.6450131 0.0, 0.96482414 1.6711243 0.0, 0.9798995 1.6972357 0.0, 0.99497485 1.7233471 0.0, 1.0100503 1.7494583 0.0, 1.0251256 1.7755697 0.0, 1.040201 1.801681 0.0, 1.0552764 1.8277923 0.0, 1.0703517 1.8539037 0.0, 1.0854272 1.8800149 0.0, 1.1005025 1.9061263 0.0, 1.1155779 1.9322376 0.0,
1.1306533 1.9583489 0.0, 1.1457286 1.9844602 0.0, 1.160804 2.0105715 0.0, 1.1758794 2.0366828 0.0, 1.1909548 2.0627942 0.0, 1.2060301 2.0889056 0.0, 1.2211056 2.1150167 0.0, 1.2361809 2.141128 0.0, 1.2512562 2.1672394 0.0, 1.2663317 2.1933508 0.0, 1.281407 2.2194622 0.0, 1.2964824 2.2455735 0.0, 1.3115578 2.2716846 0.0, 1.3266332 2.297796 0.0, 1.3417085 2.3239074 0.0,
1.3567839 2.3500187 0.0, 1.3718593 2.37613 0.0, 1.3869346 2.4022412 0.0, 1.4020101 2.4283526 0.0, 1.4170854 2.454464 0.0, 1.4321609 2.4805753 0.0, 1.4472362 2.5066867 0.0, 1.4623115 2.5327978 0.0, 1.477387 2.5589092 0.0, 1.4924623 2.5850205 0.0, 1.5075377 2.611132 0.0, 1.522613 2.6372433 0.0, 1.5376885 2.6633544 0.0, 1.5527638 2.6894658 0.0, 1.5678391 2.7155771 0.0,
1.5829146 2.7416885 0.0, 1.5979899 2.7677999 0.0, 1.6130654 2.7939112 0.0, 1.6281407 2.8200223 0.0, 1.6432161 2.8461337 0.0, 1.6582915 2.872245 0.0, 1.6733668 2.8983564 0.0, 1.6884422 2.9244678 0.0, 1.7035176 2.950579 0.0, 1.718593 2.9766903 0.0, 1.7336683 3.0028017 0.0, 1.7487438 3.028913 0.0, 1.7638191 3.0550244 0.0, 1.7788944 3.0811355 0.0, 1.7939699 3.1072469 0.0,
1.8090452 3.1333582 0.0, 1.8241206 3.1594696 0.0, 1.839196 3.185581 0.0, 1.8542714 3.211692 0.0, 1.8693467 3.2378035 0.0, 1.8844221 3.2639148 0.0, 1.8994975 3.2900262 0.0, 1.9145728 3.3161376 0.0, 1.9296483 3.3422487 0.0, 1.9447236 3.36836 0.0, 1.959799 3.3944714 0.0, 1.9748744 3.4205828 0.0, 1.9899497 3.4466941 0.0, 2.0050251 3.4728055 0.0, 2.0201006 3.4989166 0.0,
2.0351758 3.525028 0.0, 2.0502512 3.5511394 0.0, 2.0653267 3.5772507 0.0, 2.080402 3.603362 0.0, 2.0954773 3.6294732 0.0, 2.1105528 3.6555846 0.0, 2.1256282 3.681696 0.0, 2.1407034 3.7078073 0.0, 2.155779 3.7339187 0.0, 2.1708543 3.7600298 0.0, 2.1859295 3.7861412 0.0, 2.201005 3.8122525 0.0, 2.2160804 3.838364 0.0, 2.2311559 3.8644753 0.0, 2.246231 3.8905864 0.0,
2.2613065 3.9166977 0.0, 2.276382 3.942809 0.0, 2.2914572 3.9689205 0.0, 2.3065326 3.9950318 0.0, 2.321608 4.021143 0.0, 2.3366835 4.0472546 0.0, 2.3517587 4.0733657 0.0, 2.3668342 4.099477 0.0, 2.3819096 4.1255884 0.0, 2.3969848 4.1516995 0.0, 2.4120603 4.177811 0.0, 2.4271357 4.2039223 0.0, 2.4422112 4.2300334 0.0, 2.4572864 4.256145 0.0, 2.4723618 4.282256 0.0,
2.4874372 4.3083677 0.0, 2.5025125 4.334479 0.0, 2.517588 4.3605905 0.0, 2.5326633 4.3867016 0.0, 2.5477388 4.4128127 0.0, 2.562814 4.4389243 0.0, 2.5778894 4.4650354 0.0, 2.592965 4.491147 0.0, 2.60804 4.517258 0.0, 2.6231155 4.5433693 0.0, 2.638191 4.569481 0.0, 2.6532664 4.595592 0.0, 2.6683416 4.6217036 0.0, 2.683417 4.6478148 0.0, 2.6984925 4.673926 0.0,
2.7135677 4.7000375 0.0, 2.7286432 4.7261486 0.0, 2.7437186 4.75226 0.0, 2.758794 4.7783713 0.0, 2.7738693 4.8044825 0.0, 2.7889447 4.830594 0.0, 2.8040202 4.856705 0.0, 2.8190954 4.882817 0.0, 2.8341708 4.908928 0.0, 2.8492463 4.935039 0.0, 2.8643217 4.9611506 0.0, 2.879397 4.987262 0.0, 2.8944724 5.0133734 0.0, 2.9095478 5.0394845 0.0, 2.924623 5.0655956 0.0,
2.9396985 5.091707 0.0, 2.954774 5.1178184 0.0, 2.9698493 5.14393 0.0, 2.9849246 5.170041 0.0, 3.0 5.196152 0.0" />
        </IndexedLineSet>
      </Shape>
      <Shape >
        <Appearance >
          <Material ambientIntensity="0.2" diffuseColor="0.0 0.0 0.0" emissiveColor="1.0 0.0 0.0" shininess="0.0" specularColor="0.0 0.0 0.0" transparency="0.0" />
          <LineProperties linetype="1" />
        </Appearance>
        <IndexedLineSet coordIndex="0 1 2 3 4 5 6 7 8 9 10 11 12 13 14 15 16 17 18 19 20 21 22 23 24 25 26 27 28 29 30 31 32 33 34 35 36 37 38 39
40 41 42 43 44 45 46 47 48 49 50 51 52 53 54 55 56 57 58 59 60 61 62 63 64 65 66 67 68 69 70 71 72 73 74 75 76 77 78 79
80 81 82 83 84 85 86 87 88 89 90 91 92 93 94 95 96 97 98 99 100 101 102 103 104 105 106 107 108 109 110 111 112 113 114 115 116 117 118 119
120 121 122 123 124 125 126 127 128 129 130 131 132 133 134 135 136 137 138 139 140 141 142 143 144 145 146 147 148 149 150 151 152 153 154 155 156 157 158 159
160 161 162 163 164 165 166 167 168 169 170 171 172 173 174 175 176 177 178 179 180 181 182 183 184 185 186 187 188 189 190 191 192 193 194 195 196 197 198 199
-1 " >
          <Coordinate point="0.0 0.0 0.0, 0.0 0.030150754 0.0, 0.0 0.06030151 0.0, 0.0 0.09045226 0.0, 0.0 0.12060302 0.0, 0.0 0.15075377 0.0, 0.0 0.18090452 0.0, 0.0 0.21105528 0.0, 0.0 0.24120604 0.0, 0.0 0.2713568 0.0, 0.0 0.30150753 0.0, 0.0 0.3316583 0.0, 0.0 0.36180905 0.0, 0.0 0.3919598 0.0, 0.0 0.42211056 0.0,
0.0 0.4522613 0.0, 0.0 0.48241207 0.0, 0.0 0.5125628 0.0, 0.0 0.5427136 0.0, 0.0 0.5728643 0.0, 0.0 0.60301507 0.0, 0.0 0.63316584 0.0, 0.0 0.6633166 0.0, 0.0 0.6934673 0.0, 0.0 0.7236181 0.0, 0.0 0.75376886 0.0, 0.0 0.7839196 0.0, 0.0 0.81407034 0.0, 0.0 0.8442211 0.0, 0.0 0.8743719 0.0,
0.0 0.9045226 0.0, 0.0 0.93467337 0.0, 0.0 0.96482414 0.0, 0.0 0.99497485 0.0, 0.0 1.0251256 0.0, 0.0 1.0552764 0.0, 0.0 1.0854272 0.0, 0.0 1.1155779 0.0, 0.0 1.1457286 0.0, 0.0 1.1758794 0.0, 0.0 1.2060301 0.0, 0.0 1.2361809 0.0, 0.0 1.2663317 0.0, 0.0 1.2964824 0.0, 0.0 1.3266332 0.0,
0.0 1.3567839 0.0, 0.0 1.3869346 0.0, 0.0 1.4170854 0.0, 0.0 1.4472362 0.0, 0.0 1.477387 0.0, 0.0 1.5075377 0.0, 0.0 1.5376885 0.0, 0.0 1.5678391 0.0, 0.0 1.5979899 0.0, 0.0 1.6281407 0.0, 0.0 1.6582915 0.0, 0.0 1.6884422 0.0, 0.0 1.718593 0.0, 0.0 1.7487438 0.0, 0.0 1.7788944 0.0,
0.0 1.8090452 0.0, 0.0 1.839196 0.0, 0.0 1.8693467 0.0, 0.0 1.8994975 0.0, 0.0 1.9296483 0.0, 0.0 1.959799 0.0, 0.0 1.9899497 0.0, 0.0 2.0201006 0.0, 0.0 2.0502512 0.0, 0.0 2.080402 0.0, 0.0 2.1105528 0.0, 0.0 2.1407034 0.0, 0.0 2.1708543 0.0, 0.0 2.201005 0.0, 0.0 2.2311559 0.0,
0.0 2.2613065 0.0, 0.0 2.2914572 0.0, 0.0 2.321608 0.0, 0.0 2.3517587 0.0, 0.0 2.3819096 0.0, 0.0 2.4120603 0.0, 0.0 2.4422112 0.0, 0.0 2.4723618 0.0, 0.0 2.5025125 0.0, 0.0 2.5326633 0.0, 0.0 2.562814 0.0, 0.0 2.592965 0.0, 0.0 2.6231155 0.0, 0.0 2.6532664 0.0, 0.0 2.683417 0.0,
0.0 2.7135677 0.0, 0.0 2.7437186 0.0, 0.0 2.7738693 0.0, 0.0 2.8040202 0.0, 0.0 2.8341708 0.0, 0.0 2.8643217 0.0, 0.0 2.8944724 0.0, 0.0 2.924623 0.0, 0.0 2.954774 0.0, 0.0 2.9849246 0.0, 0.0 3.0150754 0.0, 0.0 3.045226 0.0, 0.0 3.075377 0.0, 0.0 3.1055276 0.0, 0.0 3.1356783 0.0,
0.0 3.1658292 0.0, 0.0 3.1959798 0.0, 0.0 3.2261307 0.0, 0.0 3.2562814 0.0, 0.0 3.2864323 0.0, 0.0 3.316583 0.0, 0.0 3.3467336 0.0, 0.0 3.3768845 0.0, 0.0 3.407035 0.0, 0.0 3.437186 0.0, 0.0 3.4673367 0.0, 0.0 3.4974875 0.0, 0.0 3.5276382 0.0, 0.0 3.5577888 0.0, 0.0 3.5879397 0.0,
0.0 3.6180904 0.0, 0.0 3.6482413 0.0, 0.0 3.678392 0.0, 0.0 3.7085428 0.0, 0.0 3.7386935 0.0, 0.0 3.7688441 0.0, 0.0 3.798995 0.0, 0.0 3.8291457 0.0, 0.0 3.8592966 0.0, 0.0 3.8894472 0.0, 0.0 3.919598 0.0, 0.0 3.9497488 0.0, 0.0 3.9798994 0.0, 0.0 4.0100503 0.0, 0.0 4.040201 0.0,
0.0 4.0703516 0.0, 0.0 4.1005025 0.0, 0.0 4.1306534 0.0, 0.0 4.160804 0.0, 0.0 4.1909547 0.0, 0.0 4.2211056 0.0, 0.0 4.2512565 0.0, 0.0 4.281407 0.0, 0.0 4.311558 0.0, 0.0 4.3417087 0.0, 0.0 4.371859 0.0, 0.0 4.40201 0.0, 0.0 4.432161 0.0, 0.0 4.4623117 0.0, 0.0 4.492462 0.0,
0.0 4.522613 0.0, 0.0 4.552764 0.0, 0.0 4.5829144 0.0, 0.0 4.6130652 0.0, 0.0 4.643216 0.0, 0.0 4.673367 0.0, 0.0 4.7035174 0.0, 0.0 4.7336683 0.0, 0.0 4.763819 0.0, 0.0 4.7939696 0.0, 0.0 4.8241205 0.0, 0.0 4.8542714 0.0, 0.0 4.8844223 0.0, 0.0 4.9145727 0.0, 0.0 4.9447236 0.0,
0.0 4.9748745 0.0, 0.0 5.005025 0.0, 0.0 5.035176 0.0, 0.0 5.0653267 0.0, 0.0 5.0954776 0.0, 0.0 5.125628 0.0, 0.0 5.155779 0.0, 0.0 5.18593 0.0, 0.0 5.21608 0.0, 0.0 5.246231 0.0, 0.0 5.276382 0.0, 0.0 5.306533 0.0, 0.0 5.3366833 0.0, 0.0 5.366834 0.0, 0.0 5.396985 0.0,
0.0 5.4271355 0.0, 0.0 5.4572864 0.0, 0.0 5.4874372 0.0, 0.0 5.517588 0.0, 0.0 5.5477386 0.0, 0.0 5.5778894 0.0, 0.0 5.6080403 0.0, 0.0 5.6381907 0.0, 0.0 5.6683416 0.0, 0.0 5.6984925 0.0, 0.0 5.7286434 0.0, 0.0 5.758794 0.0, 0.0 5.7889447 0.0, 0.0 5.8190956 0.0, 0.0 5.849246 0.0,
0.0 5.879397 0.0, 0.0 5.909548 0.0, 0.0 5.9396987 0.0, 0.0 5.969849 0.0, 0.0 6.0 0.0" />
        </IndexedLineSet>
      </Shape>
      <Shape >
        <Appearance >
          <Material ambientIntensity="0.2" diffuseColor="0.0 0.0 0.0" emissiveColor="1.0 0.0 0.0" shininess="0.0" specularColor="0.0 0.0 0.0" transparency="0.0" />
          <LineProperties linetype="1" />
        </Appearance>
        <IndexedLineSet coordIndex="0 1 2 3 4 5 6 7 8 9 10 11 12 13 14 15 16 17 18 19 20 21 22 23 24 25 26 27 28 29 30 31 32 33 34 35 36 37 38 39
40 41 42 43 44 45 46 47 48 49 50 51 52 53 54 55 56 57 58 59 60 61 62 63 64 65 66 67 68 69 70 71 72 73 74 75 76 77 78 79
80 81 82 83 84 85 86 87 88 89 90 91 92 93 94 95 96 97 98 99 100 101 102 103 104 105 106 107 108 109 110 111 112 113 114 115 116 117 118 119
120 121 122 123 124 125 126 127 128 129 130 131 132 133 134 135 136 137 138 139 140 141 142 143 144 145 146 147 148 149 150 151 152 153 154 155 156 157 158 159
160 161 162 163 164 165 166 167 168 169 170 171 172 173 174 175 176 177 178 179 180 181 182 183 184 185 186 187 188 189 190 191 192 193 194 195 196 197 198 199
-1 " >
          <Coordinate point="-0.0 0.0 0.0, -0.015075377 0.026111318 0.0, -0.030150754 0.052222636 0.0, -0.04522613 0.07833396 0.0, -0.06030151 0.10444527 0.0, -0.07537688 0.1305566 0.0, -0.09045226 0.15666792 0.0, -0.10552764 0.18277924 0.0, -0.12060302 0.20889054 0.0, -0.1356784 0.23500186 0.0, -0.15075377 0.2611132 0.0, -0.16582915 0.2872245 0.0, -0.18090452 0.31333584 0.0, -0.1959799 0.33944714 0.0, -0.21105528 0.36555848 0.0,
-0.22613065 0.39166978 0.0, -0.24120604 0.41778108 0.0, -0.2562814 0.44389242 0.0, -0.2713568 0.47000372 0.0, -0.28643215 0.49611506 0.0, -0.30150753 0.5222264 0.0, -0.31658292 0.5483377 0.0, -0.3316583 0.574449 0.0, -0.34673366 0.6005603 0.0, -0.36180905 0.6266717 0.0, -0.37688443 0.652783 0.0, -0.3919598 0.6788943 0.0, -0.40703517 0.7050056 0.0, -0.42211056 0.73111695 0.0, -0.43718594 0.75722826 0.0,
-0.4522613 0.78333956 0.0, -0.46733668 0.80945086 0.0, -0.48241207 0.83556217 0.0, -0.49748743 0.86167353 0.0, -0.5125628 0.88778484 0.0, -0.5276382 0.91389614 0.0, -0.5427136 0.94000745 0.0, -0.55778897 0.9661188 0.0, -0.5728643 0.9922301 0.0, -0.5879397 1.0183414 0.0, -0.60301507 1.0444528 0.0, -0.61809045 1.070564 0.0, -0.63316584 1.0966754 0.0, -0.6482412 1.1227868 0.0, -0.6633166 1.148898 0.0,
-0.67839193 1.1750094 0.0, -0.6934673 1.2011206 0.0, -0.7085427 1.227232 0.0, -0.7236181 1.2533433 0.0, -0.7386935 1.2794546 0.0, -0.75376886 1.305566 0.0, -0.76884425 1.3316772 0.0, -0.7839196 1.3577886 0.0, -0.79899496 1.3838999 0.0, -0.81407034 1.4100112 0.0, -0.8291457 1.4361225 0.0, -0.8442211 1.4622339 0.0, -0.8592965 1.4883451 0.0, -0.8743719 1.5144565 0.0, -0.8894472 1.5405678 0.0,
-0.9045226 1.5666791 0.0, -0.919598 1.5927905 0.0, -0.93467337 1.6189017 0.0, -0.94974875 1.6450131 0.0, -0.96482414 1.6711243 0.0, -0.9798995 1.6972357 0.0, -0.99497485 1.7233471 0.0, -1.0100503 1.7494583 0.0, -1.0251256 1.7755697 0.0, -1.040201 1.801681 0.0, -1.0552764 1.8277923 0.0, -1.0703517 1.8539037 0.0, -1.0854272 1.8800149 0.0, -1.1005025 1.9061263 0.0, -1.1155779 1.9322376 0.0,
-1.1306533 1.9583489 0.0, -1.1457286 1.9844602 0.0, -1.160804 2.0105715 0.0, -1.1758794 2.0366828 0.0, -1.1909548 2.0627942 0.0, -1.2060301 2.0889056 0.0, -1.2211056 2.1150167 0.0, -1.2361809 2.141128 0.0, -1.2512562 2.1672394 0.0, -1.2663317 2.1933508 0.0, -1.281407 2.2194622 0.0, -1.2964824 2.2455735 0.0, -1.3115578 2.2716846 0.0, -1.3266332 2.297796 0.0, -1.3417085 2.3239074 0.0,
-1.3567839 2.3500187 0.0, -1.3718593 2.37613 0.0, -1.3869346 2.4022412 0.0, -1.4020101 2.4283526 0.0, -1.4170854 2.454464 0.0, -1.4321609 2.4805753 0.0, -1.4472362 2.5066867 0.0, -1.4623115 2.5327978 0.0, -1.477387 2.5589092 0.0, -1.4924623 2.5850205 0.0, -1.5075377 2.611132 0.0, -1.522613 2.6372433 0.0, -1.5376885 2.6633544 0.0, -1.5527638 2.6894658 0.0, -1.5678391 2.7155771 0.0,
-1.5829146 2.7416885 0.0, -1.5979899 2.7677999 0.0, -1.6130654 2.7939112 0.0, -1.6281407 2.8200223 0.0, -1.6432161 2.8461337 0.0, -1.6582915 2.872245 0.0, -1.6733668 2.8983564 0.0, -1.6884422 2.9244678 0.0, -1.7035176 2.950579 0.0, -1.718593 2.9766903 0.0, -1.7336683 3.0028017 0.0, -1.7487438 3.028913 0.0, -1.7638191 3.0550244 0.0, -1.7788944 3.0811355 0.0, -1.7939699 3.1072469 0.0,
-1.8090452 3.1333582 0.0, -1.8241206 3.1594696 0.0, -1.839196 3.185581 0.0, -1.8542714 3.211692 0.0, -1.8693467 3.2378035 0.0, -1.8844221 3.2639148 0.0, -1.8994975 3.2900262 0.0, -1.9145728 3.3161376 0.0, -1.9296483 3.3422487 0.0, -1.9447236 3.36836 0.0, -1.959799 3.3944714 0.0, -1.9748744 3.4205828 0.0, -1.9899497 3.4466941 0.0, -2.0050251 3.4728055 0.0, -2.0201006 3.4989166 0.0,
-2.0351758 3.525028 0.0, -2.0502512 3.5511394 0.0, -2.0653267 3.5772507 0.0, -2.080402 3.603362 0.0, -2.0954773 3.6294732 0.0, -2.1105528 3.6555846 0.0, -2.1256282 3.681696 0.0, -2.1407034 3.7078073 0.0, -2.155779 3.7339187 0.0, -2.1708543 3.7600298 0.0, -2.1859295 3.7861412 0.0, -2.201005 3.8122525 0.0, -2.2160804 3.838364 0.0, -2.2311559 3.8644753 0.0, -2.246231 3.8905864 0.0,
-2.2613065 3.9166977 0.0, -2.276382 3.942809 0.0, -2.2914572 3.9689205 0.0, -2.3065326 3.9950318 0.0, -2.321608 4.021143 0.0, -2.3366835 4.0472546 0.0, -2.3517587 4.0733657 0.0, -2.3668342 4.099477 0.0, -2.3819096 4.1255884 0.0, -2.3969848 4.1516995 0.0, -2.4120603 4.177811 0.0, -2.4271357 4.2039223 0.0, -2.4422112 4.2300334 0.0, -2.4572864 4.256145 0.0, -2.4723618 4.282256 0.0,
-2.4874372 4.3083677 0.0, -2.5025125 4.334479 0.0, -2.517588 4.3605905 0.0, -2.5326633 4.3867016 0.0, -2.5477388 4.4128127 0.0, -2.562814 4.4389243 0.0, -2.5778894 4.4650354 0.0, -2.592965 4.491147 0.0, -2.60804 4.517258 0.0, -2.6231155 4.5433693 0.0, -2.638191 4.569481 0.0, -2.6532664 4.595592 0.0, -2.6683416 4.6217036 0.0, -2.683417 4.6478148 0.0, -2.6984925 4.673926 0.0,
-2.7135677 4.7000375 0.0, -2.7286432 4.7261486 0.0, -2.7437186 4.75226 0.0, -2.758794 4.7783713 0.0, -2.7738693 4.8044825 0.0, -2.7889447 4.830594 0.0, -2.8040202 4.856705 0.0, -2.8190954 4.882817 0.0, -2.8341708 4.908928 0.0, -2.8492463 4.935039 0.0, -2.8643217 4.9611506 0.0, -2.879397 4.987262 0.0, -2.8944724 5.0133734 0.0, -2.9095478 5.0394845 0.0, -2.924623 5.0655956 0.0,
-2.9396985 5.091707 0.0, -2.954774 5.1178184 0.0, -2.9698493 5.14393 0.0, -2.9849246 5.170041 0.0, -3.0 5.196152 0.0" />
        </IndexedLineSet>
      </Shape>
      <Shape >
        <Appearance >
          <Material ambientIntensity="0.2" diffuseColor="0.0 0.0 0.0" emissiveColor="1.0 0.0 0.0" shininess="0.0" specularColor="0.0 0.0 0.0" transparency="0.0" />
          <LineProperties linetype="1" />
        </Appearance>
        <IndexedLineSet coordIndex="0 1 2 3 4 5 6 7 8 9 10 11 12 13 14 15 16 17 18 19 20 21 22 23 24 25 26 27 28 29 30 31 32 33 34 35 36 37 38 39
40 41 42 43 44 45 46 47 48 49 50 51 52 53 54 55 56 57 58 59 60 61 62 63 64 65 66 67 68 69 70 71 72 73 74 75 76 77 78 79
80 81 82 83 84 85 86 87 88 89 90 91 92 93 94 95 96 97 98 99 100 101 102 103 104 105 106 107 108 109 110 111 112 113 114 115 116 117 118 119
120 121 122 123 124 125 126 127 128 129 130 131 132 133 134 135 136 137 138 139 140 141 142 143 144 145 146 147 148 149 150 151 152 153 154 155 156 157 158 159
160 161 162 163 164 165 166 167 168 169 170 171 172 173 174 175 176 177 178 179 180 181 182 183 184 185 186 187 188 189 190 191 192 193 194 195 196 197 198 199
-1 " >
          <Coordinate point="-0.0 0.0 0.0, -0.026111318 0.015075377 0.0, -0.052222636 0.030150754 0.0, -0.07833396 0.04522613 0.0, -0.10444527 0.06030151 0.0, -0.1305566 0.07537688 0.0, -0.15666792 0.09045226 0.0, -0.18277924 0.10552764 0.0, -0.20889054 0.12060302 0.0, -0.23500186 0.1356784 0.0, -0.2611132 0.15075377 0.0, -0.2872245 0.16582915 0.0, -0.31333584 0.18090452 0.0, -0.33944714 0.1959799 0.0, -0.36555848 0.21105528 0.0,
-0.39166978 0.22613065 0.0, -0.41778108 0.24120604 0.0, -0.44389242 0.2562814 0.0, -0.47000372 0.2713568 0.0, -0.49611506 0.28643215 0.0, -0.5222264 0.30150753 0.0, -0.5483377 0.31658292 0.0, -0.574449 0.3316583 0.0, -0.6005603 0.34673366 0.0, -0.6266717 0.36180905 0.0, -0.652783 0.37688443 0.0, -0.6788943 0.3919598 0.0, -0.7050056 0.40703517 0.0, -0.73111695 0.42211056 0.0, -0.75722826 0.43718594 0.0,
-0.78333956 0.4522613 0.0, -0.80945086 0.46733668 0.0, -0.83556217 0.48241207 0.0, -0.86167353 0.49748743 0.0, -0.88778484 0.5125628 0.0, -0.91389614 0.5276382 0.0, -0.94000745 0.5427136 0.0, -0.9661188 0.55778897 0.0, -0.9922301 0.5728643 0.0, -1.0183414 0.5879397 0.0, -1.0444528 0.60301507 0.0, -1.070564 0.61809045 0.0, -1.0966754 0.63316584 0.0, -1.1227868 0.6482412 0.0, -1.148898 0.6633166 0.0,
-1.1750094 0.67839193 0.0, -1.2011206 0.6934673 0.0, -1.227232 0.7085427 0.0, -1.2533433 0.7236181 0.0, -1.2794546 0.7386935 0.0, -1.305566 0.75376886 0.0, -1.3316772 0.76884425 0.0, -1.3577886 0.7839196 0.0, -1.3838999 0.79899496 0.0, -1.4100112 0.81407034 0.0, -1.4361225 0.8291457 0.0, -1.4622339 0.8442211 0.0, -1.4883451 0.8592965 0.0, -1.5144565 0.8743719 0.0, -1.5405678 0.8894472 0.0,
-1.5666791 0.9045226 0.0, -1.5927905 0.919598 0.0, -1.6189017 0.93467337 0.0, -1.6450131 0.94974875 0.0, -1.6711243 0.96482414 0.0, -1.6972357 0.9798995 0.0, -1.7233471 0.99497485 0.0, -1.7494583 1.0100503 0.0, -1.7755697 1.0251256 0.0, -1.801681 1.040201 0.0, -1.8277923 1.0552764 0.0, -1.8539037 1.0703517 0.0, -1.8800149 1.0854272 0.0, -1.9061263 1.1005025 0.0, -1.9322376 1.1155779 0.0,
-1.9583489 1.1306533 0.0, -1.9844602 1.1457286 0.0, -2.0105715 1.160804 0.0, -2.0366828 1.1758794 0.0, -2.0627942 1.1909548 0.0, -2.0889056 1.2060301 0.0, -2.1150167 1.2211056 0.0, -2.141128 1.2361809 0.0, -2.1672394 1.2512562 0.0, -2.1933508 1.2663317 0.0, -2.2194622 1.281407 0.0, -2.2455735 1.2964824 0.0, -2.2716846 1.3115578 0.0, -2.297796 1.3266332 0.0, -2.3239074 1.3417085 0.0,
-2.3500187 1.3567839 0.0, -2.37613 1.3718593 0.0, -2.4022412 1.3869346 0.0, -2.4283526 1.4020101 0.0, -2.454464 1.4170854 0.0, -2.4805753 1.4321609 0.0, -2.5066867 1.4472362 0.0, -2.5327978 1.4623115 0.0, -2.5589092 1.477387 0.0, -2.5850205 1.4924623 0.0, -2.611132 1.5075377 0.0, -2.6372433 1.522613 0.0, -2.6633544 1.5376885 0.0, -2.6894658 1.5527638 0.0, -2.7155771 1.5678391 0.0,
-2.7416885 1.5829146 0.0, -2.7677999 1.5979899 0.0, -2.7939112 1.6130654 0.0, -2.8200223 1.6281407 0.0, -2.8461337 1.6432161 0.0, -2.872245 1.6582915 0.0, -2.8983564 1.6733668 0.0, -2.9244678 1.6884422 0.0, -2.950579 1.7035176 0.0, -2.9766903 1.718593 0.0, -3.0028017 1.7336683 0.0, -3.028913 1.7487438 0.0, -3.0550244 1.7638191 0.0, -3.0811355 1.7788944 0.0, -3.1072469 1.7939699 0.0,
-3.1333582 1.8090452 0.0, -3.1594696 1.8241206 0.0, -3.185581 1.839196 0.0, -3.211692 1.8542714 0.0, -3.2378035 1.8693467 0.0, -3.2639148 1.8844221 0.0, -3.2900262 1.8994975 0.0, -3.3161376 1.9145728 0.0, -3.3422487 1.9296483 0.0, -3.36836 1.9447236 0.0, -3.3944714 1.959799 0.0, -3.4205828 1.9748744 0.0, -3.4466941 1.9899497 0.0, -3.4728055 2.0050251 0.0, -3.4989166 2.0201006 0.0,
-3.525028 2.0351758 0.0, -3.5511394 2.0502512 0.0, -3.5772507 2.0653267 0.0, -3.603362 2.080402 0.0, -3.6294732 2.0954773 0.0, -3.6555846 2.1105528 0.0, -3.681696 2.1256282 0.0, -3.7078073 2.1407034 0.0, -3.7339187 2.155779 0.0, -3.7600298 2.1708543 0.0, -3.7861412 2.1859295 0.0, -3.8122525 2.201005 0.0, -3.838364 2.2160804 0.0, -3.8644753 2.2311559 0.0, -3.8905864 2.246231 0.0,
-3.9166977 2.2613065 0.0, -3.942809 2.276382 0.0, -3.9689205 2.2914572 0.0, -3.9950318 2.3065326 0.0, -4.021143 2.321608 0.0, -4.0472546 2.3366835 0.0, -4.0733657 2.3517587 0.0, -4.099477 2.3668342 0.0, -4.1255884 2.3819096 0.0, -4.1516995 2.3969848 0.0, -4.177811 2.4120603 0.0, -4.2039223 2.4271357 0.0, -4.2300334 2.4422112 0.0, -4.256145 2.4572864 0.0, -4.282256 2.4723618 0.0,
-4.3083677 2.4874372 0.0, -4.334479 2.5025125 0.0, -4.3605905 2.517588 0.0, -4.3867016 2.5326633 0.0, -4.4128127 2.5477388 0.0, -4.4389243 2.562814 0.0, -4.4650354 2.5778894 0.0, -4.491147 2.592965 0.0, -4.517258 2.60804 0.0, -4.5433693 2.6231155 0.0, -4.569481 2.638191 0.0, -4.595592 2.6532664 0.0, -4.6217036 2.6683416 0.0, -4.6478148 2.683417 0.0, -4.673926 2.6984925 0.0,
-4.7000375 2.7135677 0.0, -4.7261486 2.7286432 0.0, -4.75226 2.7437186 0.0, -4.7783713 2.758794 0.0, -4.8044825 2.7738693 0.0, -4.830594 2.7889447 0.0, -4.856705 2.8040202 0.0, -4.882817 2.8190954 0.0, -4.908928 2.8341708 0.0, -4.935039 2.8492463 0.0, -4.9611506 2.8643217 0.0, -4.987262 2.879397 0.0, -5.0133734 2.8944724 0.0, -5.0394845 2.9095478 0.0, -5.0655956 2.924623 0.0,
-5.091707 2.9396985 0.0, -5.1178184 2.954774 0.0, -5.14393 2.9698493 0.0, -5.170041 2.9849246 0.0, -5.196152 3.0 0.0" />
        </IndexedLineSet>
      </Shape>
      <Shape >
        <Appearance >
          <Material ambientIntensity="0.2" diffuseColor="0.0 0.0 0.0" emissiveColor="1.0 0.0 0.0" shininess="0.0" specularColor="0.0 0.0 0.0" transparency="0.0" />
          <LineProperties linetype="1" />
        </Appearance>
        <IndexedLineSet coordIndex="0 1 2 3 4 5 6 7 8 9 10 11 12 13 14 15 16 17 18 19 20 21 22 23 24 25 26 27 28 29 30 31 32 33 34 35 36 37 38 39
40 41 42 43 44 45 46 47 48 49 50 51 52 53 54 55 56 57 58 59 60 61 62 63 64 65 66 67 68 69 70 71 72 73 74 75 76 77 78 79
80 81 82 83 84 85 86 87 88 89 90 91 92 93 94 95 96 97 98 99 100 101 102 103 104 105 106 107 108 109 110 111 112 113 114 115 116 117 118 119
120 121 122 123 124 125 126 127 128 129 130 131 132 133 134 135 136 137 138 139 140 141 142 143 144 145 146 147 148 149 150 151 152 153 154 155 156 157 158 159
160 161 162 163 164 165 166 167 168 169 170 171 172 173 174 175 176 177 178 179 180 181 182 183 184 185 186 187 188 189 190 191 192 193 194 195 196 197 198 199
-1 " >
          <Coordinate point="-0.0 0.0 0.0, -0.030150754 0.0 0.0, -0.06030151 0.0 0.0, -0.09045226 0.0 0.0, -0.12060302 0.0 0.0, -0.15075377 0.0 0.0, -0.18090452 0.0 0.0, -0.21105528 0.0 0.0, -0.24120604 0.0 0.0, -0.2713568 0.0 0.0, -0.30150753 0.0 0.0, -0.3316583 0.0 0.0, -0.36180905 0.0 0.0, -0.3919598 0.0 0.0, -0.42211056 0.0 0.0,
-0.4522613 0.0 0.0, -0.48241207 0.0 0.0, -0.5125628 0.0 0.0, -0.5427136 0.0 0.0, -0.5728643 0.0 0.0, -0.60301507 0.0 0.0, -0.63316584 0.0 0.0, -0.6633166 0.0 0.0, -0.6934673 0.0 0.0, -0.7236181 0.0 0.0, -0.75376886 0.0 0.0, -0.7839196 0.0 0.0, -0.81407034 0.0 0.0, -0.8442211 0.0 0.0, -0.8743719 0.0 0.0,
-0.9045226 0.0 0.0, -0.93467337 0.0 0.0, -0.96482414 0.0 0.0, -0.99497485 0.0 0.0, -1.0251256 0.0 0.0, -1.0552764 0.0 0.0, -1.0854272 0.0 0.0, -1.1155779 0.0 0.0, -1.1457286 0.0 0.0, -1.1758794 0.0 0.0, -1.2060301 0.0 0.0, -1.2361809 0.0 0.0, -1.2663317 0.0 0.0, -1.2964824 0.0 0.0, -1.3266332 0.0 0.0,
-1.3567839 0.0 0.0, -1.3869346 0.0 0.0, -1.4170854 0.0 0.0, -1.4472362 0.0 0.0, -1.477387 0.0 0.0, -1.5075377 0.0 0.0, -1.5376885 0.0 0.0, -1.5678391 0.0 0.0, -1.5979899 0.0 0.0, -1.6281407 0.0 0.0, -1.6582915 0.0 0.0, -1.6884422 0.0 0.0, -1.718593 0.0 0.0, -1.7487438 0.0 0.0, -1.7788944 0.0 0.0,
-1.8090452 0.0 0.0, -1.839196 0.0 0.0, -1.8693467 0.0 0.0, -1.8994975 0.0 0.0, -1.9296483 0.0 0.0, -1.959799 0.0 0.0, -1.9899497 0.0 0.0, -2.0201006 0.0 0.0, -2.0502512 0.0 0.0, -2.080402 0.0 0.0, -2.1105528 0.0 0.0, -2.1407034 0.0 0.0, -2.1708543 0.0 0.0, -2.201005 0.0 0.0, -2.2311559 0.0 0.0,
-2.2613065 0.0 0.0, -2.2914572 0.0 0.0, -2.321608 0.0 0.0, -2.3517587 0.0 0.0, -2.3819096 0.0 0.0, -2.4120603 0.0 0.0, -2.4422112 0.0 0.0, -2.4723618 0.0 0.0, -2.5025125 0.0 0.0, -2.5326633 0.0 0.0, -2.562814 0.0 0.0, -2.592965 0.0 0.0, -2.6231155 0.0 0.0, -2.6532664 0.0 0.0, -2.683417 0.0 0.0,
-2.7135677 0.0 0.0, -2.7437186 0.0 0.0, -2.7738693 0.0 0.0, -2.8040202 0.0 0.0, -2.8341708 0.0 0.0, -2.8643217 0.0 0.0, -2.8944724 0.0 0.0, -2.924623 0.0 0.0, -2.954774 0.0 0.0, -2.9849246 0.0 0.0, -3.0150754 0.0 0.0, -3.045226 0.0 0.0, -3.075377 0.0 0.0, -3.1055276 0.0 0.0, -3.1356783 0.0 0.0,
-3.1658292 0.0 0.0, -3.1959798 0.0 0.0, -3.2261307 0.0 0.0, -3.2562814 0.0 0.0, -3.2864323 0.0 0.0, -3.316583 0.0 0.0, -3.3467336 0.0 0.0, -3.3768845 0.0 0.0, -3.407035 0.0 0.0, -3.437186 0.0 0.0, -3.4673367 0.0 0.0, -3.4974875 0.0 0.0, -3.5276382 0.0 0.0, -3.5577888 0.0 0.0, -3.5879397 0.0 0.0,
-3.6180904 0.0 0.0, -3.6482413 0.0 0.0, -3.678392 0.0 0.0, -3.7085428 0.0 0.0, -3.7386935 0.0 0.0, -3.7688441 0.0 0.0, -3.798995 0.0 0.0, -3.8291457 0.0 0.0, -3.8592966 0.0 0.0, -3.8894472 0.0 0.0, -3.919598 0.0 0.0, -3.9497488 0.0 0.0, -3.9798994 0.0 0.0, -4.0100503 0.0 0.0, -4.040201 0.0 0.0,
-4.0703516 0.0 0.0, -4.1005025 0.0 0.0, -4.1306534 0.0 0.0, -4.160804 0.0 0.0, -4.1909547 0.0 0.0, -4.2211056 0.0 0.0, -4.2512565 0.0 0.0, -4.281407 0.0 0.0, -4.311558 0.0 0.0, -4.3417087 0.0 0.0, -4.371859 0.0 0.0, -4.40201 0.0 0.0, -4.432161 0.0 0.0, -4.4623117 0.0 0.0, -4.492462 0.0 0.0,
-4.522613 0.0 0.0, -4.552764 0.0 0.0, -4.5829144 0.0 0.0, -4.6130652 0.0 0.0, -4.643216 0.0 0.0, -4.673367 0.0 0.0, -4.7035174 0.0 0.0, -4.7336683 0.0 0.0, -4.763819 0.0 0.0, -4.7939696 0.0 0.0, -4.8241205 0.0 0.0, -4.8542714 0.0 0.0, -4.8844223 0.0 0.0, -4.9145727 0.0 0.0, -4.9447236 0.0 0.0,
-4.9748745 0.0 0.0, -5.005025 0.0 0.0, -5.035176 0.0 0.0, -5.0653267 0.0 0.0, -5.0954776 0.0 0.0, -5.125628 0.0 0.0, -5.155779 0.0 0.0, -5.18593 0.0 0.0, -5.21608 0.0 0.0, -5.246231 0.0 0.0, -5.276382 0.0 0.0, -5.306533 0.0 0.0, -5.3366833 0.0 0.0, -5.366834 0.0 0.0, -5.396985 0.0 0.0,
-5.4271355 0.0 0.0, -5.4572864 0.0 0.0, -5.4874372 0.0 0.0, -5.517588 0.0 0.0, -5.5477386 0.0 0.0, -5.5778894 0.0 0.0, -5.6080403 0.0 0.0, -5.6381907 0.0 0.0, -5.6683416 0.0 0.0, -5.6984925 0.0 0.0, -5.7286434 0.0 0.0, -5.758794 0.0 0.0, -5.7889447 0.0 0.0, -5.8190956 0.0 0.0, -5.849246 0.0 0.0,
-5.879397 0.0 0.0, -5.909548 0.0 0.0, -5.9396987 0.0 0.0, -5.969849 0.0 0.0, -6.0 0.0 0.0" />
        </IndexedLineSet>
      </Shape>
      <Shape >
        <Appearance >
          <Material ambientIntensity="0.2" diffuseColor="0.0 0.0 0.0" emissiveColor="1.0 0.0 0.0" shininess="0.0" specularColor="0.0 0.0 0.0" transparency="0.0" />
          <LineProperties linetype="1" />
        </Appearance>
        <IndexedLineSet coordIndex="0 1 2 3 4 5 6 7 8 9 10 11 12 13 14 15 16 17 18 19 20 21 22 23 24 25 26 27 28 29 30 31 32 33 34 35 36 37 38 39
40 41 42 43 44 45 46 47 48 49 50 51 52 53 54 55 56 57 58 59 60 61 62 63 64 65 66 67 68 69 70 71 72 73 74 75 76 77 78 79
80 81 82 83 84 85 86 87 88 89 90 91 92 93 94 95 96 97 98 99 100 101 102 103 104 105 106 107 108 109 110 111 112 113 114 115 116 117 118 119
120 121 122 123 124 125 126 127 128 129 130 131 132 133 134 135 136 137 138 139 140 141 142 143 144 145 146 147 148 149 150 151 152 153 154 155 156 157 158 159
160 161 162 163 164 165 166 167 168 169 170 171 172 173 174 175 176 177 178 179 180 181 182 183 184 185 186 187 188 189 190 191 192 193 194 195 196 197 198 199
-1 " >
          <Coordinate point="-0.0 -0.0 0.0, -0.026111318 -0.015075377 0.0, -0.052222636 -0.030150754 0.0, -0.07833396 -0.04522613 0.0, -0.10444527 -0.06030151 0.0, -0.1305566 -0.07537688 0.0, -0.15666792 -0.09045226 0.0, -0.18277924 -0.10552764 0.0, -0.20889054 -0.12060302 0.0, -0.23500186 -0.1356784 0.0, -0.2611132 -0.15075377 0.0, -0.2872245 -0.16582915 0.0, -0.31333584 -0.18090452 0.0, -0.33944714 -0.1959799 0.0, -0.36555848 -0.21105528 0.0,
-0.39166978 -0.22613065 0.0, -0.41778108 -0.24120604 0.0, -0.44389242 -0.2562814 0.0, -0.47000372 -0.2713568 0.0, -0.49611506 -0.28643215 0.0, -0.5222264 -0.30150753 0.0, -0.5483377 -0.31658292 0.0, -0.574449 -0.3316583 0.0, -0.6005603 -0.34673366 0.0, -0.6266717 -0.36180905 0.0, -0.652783 -0.37688443 0.0, -0.6788943 -0.3919598 0.0, -0.7050056 -0.40703517 0.0, -0.73111695 -0.42211056 0.0, -0.75722826 -0.43718594 0.0,
-0.78333956 -0.4522613 0.0, -0.80945086 -0.46733668 0.0, -0.83556217 -0.48241207 0.0, -0.86167353 -0.49748743 0.0, -0.88778484 -0.5125628 0.0, -0.91389614 -0.5276382 0.0, -0.94000745 -0.5427136 0.0, -0.9661188 -0.55778897 0.0, -0.9922301 -0.5728643 0.0, -1.0183414 -0.5879397 0.0, -1.0444528 -0.60301507 0.0, -1.070564 -0.61809045 0.0, -1.0966754 -0.63316584 0.0, -1.1227868 -0.6482412 0.0, -1.148898 -0.6633166 0.0,
-1.1750094 -0.67839193 0.0, -1.2011206 -0.6934673 0.0, -1.227232 -0.7085427 0.0, -1.2533433 -0.7236181 0.0, -1.2794546 -0.7386935 0.0, -1.305566 -0.75376886 0.0, -1.3316772 -0.76884425 0.0, -1.3577886 -0.7839196 0.0, -1.3838999 -0.79899496 0.0, -1.4100112 -0.81407034 0.0, -1.4361225 -0.8291457 0.0, -1.4622339 -0.8442211 0.0, -1.4883451 -0.8592965 0.0, -1.5144565 -0.8743719 0.0, -1.5405678 -0.8894472 0.0,
-1.5666791 -0.9045226 0.0, -1.5927905 -0.919598 0.0, -1.6189017 -0.93467337 0.0, -1.6450131 -0.94974875 0.0, -1.6711243 -0.96482414 0.0, -1.6972357 -0.9798995 0.0, -1.7233471 -0.99497485 0.0, -1.7494583 -1.0100503 0.0, -1.7755697 -1.0251256 0.0, -1.801681 -1.040201 0.0, -1.8277923 -1.0552764 0.0, -1.8539037 -1.0703517 0.0, -1.8800149 -1.0854272 0.0, -1.9061263 -1.1005025 0.0, -1.9322376 -1.1155779 0.0,
-1.9583489 -1.1306533 0.0, -1.9844602 -1.1457286 0.0, -2.0105715 -1.160804 0.0, -2.0366828 -1.1758794 0.0, -2.0627942 -1.1909548 0.0, -2.0889056 -1.2060301 0.0, -2.1150167 -1.2211056 0.0, -2.141128 -1.2361809 0.0, -2.1672394 -1.2512562 0.0, -2.1933508 -1.2663317 0.0, -2.2194622 -1.281407 0.0, -2.2455735 -1.2964824 0.0, -2.2716846 -1.3115578 0.0, -2.297796 -1.3266332 0.0, -2.3239074 -1.3417085 0.0,
-2.3500187 -1.3567839 0.0, -2.37613 -1.3718593 0.0, -2.4022412 -1.3869346 0.0, -2.4283526 -1.4020101 0.0, -2.454464 -1.4170854 0.0, -2.4805753 -1.4321609 0.0, -2.5066867 -1.4472362 0.0, -2.5327978 -1.4623115 0.0, -2.5589092 -1.477387 0.0, -2.5850205 -1.4924623 0.0, -2.611132 -1.5075377 0.0, -2.6372433 -1.522613 0.0, -2.6633544 -1.5376885 0.0, -2.6894658 -1.5527638 0.0, -2.7155771 -1.5678391 0.0,
-2.7416885 -1.5829146 0.0, -2.7677999 -1.5979899 0.0, -2.7939112 -1.6130654 0.0, -2.8200223 -1.6281407 0.0, -2.8461337 -1.6432161 0.0, -2.872245 -1.6582915 0.0, -2.8983564 -1.6733668 0.0, -2.9244678 -1.6884422 0.0, -2.950579 -1.7035176 0.0, -2.9766903 -1.718593 0.0, -3.0028017 -1.7336683 0.0, -3.028913 -1.7487438 0.0, -3.0550244 -1.7638191 0.0, -3.0811355 -1.7788944 0.0, -3.1072469 -1.7939699 0.0,
